NAME,COMP,ATT,ATT/G,YDS,300+ YDS,COMP%,YDS/ATT,YDS/COMP,TD,INT,QBR,LONG,SACKS,SACK YDS,FUML,COMP_rank,ATT_rank,ATT/G_rank,YDS_rank,300+ YDS_rank,COMP%_rank,YDS/ATT_rank,YDS/COMP_rank,TD_rank,INT_rank,QBR_rank,LONG_rank,SACKS_rank,SACK YDS_rank,FUML_rank
Nick Mullens,176,274,34.2,2277,2,64.2,8.3,12.9,13,10,93.7,85,17,127,0,30.5,31.5,19.0,30.0,26.0,26.5,7.0,6.5,27.5,35.0,17.0,4.0,23.0,24.0,8.5
Matt Barkley,15,25,25.0,232,0,60.0,9.3,15.5,2,0,14.7,47,1,8,0,54.0,54.0,40.0,52.0,44.5,42.5,2.0,1.0,46.0,1.5,49.0,42.5,2.0,2.5,8.5
Josh Johnson,52,91,22.8,590,0,57.1,6.5,11.3,3,4,72.9,79,9,67,0,44.0,42.0,43.0,42.0,44.5,48.0,42.0,22.5,42.0,18.0,29.0,9.0,14.0,15.0,8.5
Jameis Winston,244,378,34.4,2992,5,64.6,7.9,12.3,19,14,77.8,64,27,157,3,22.0,26.0,18.0,22.0,10.0,24.0,13.0,10.5,21.5,50.0,25.0,31.5,35.0,31.5,40.0
Derek Anderson,42,70,35.0,465,0,60.0,6.6,11.1,0,4,10.9,40,5,33,2,47.5,48.0,14.0,46.0,44.5,42.5,39.0,28.5,54.0,18.0,52.0,47.0,6.5,5.5,31.0
Kyle Allen,20,31,15.5,266,0,64.5,8.6,13.3,2,0,108.8,53,0,0,0,51.5,53.0,49.0,51.0,44.5,25.0,4.0,4.5,46.0,1.5,3.0,38.5,1.0,1.0,8.5
Carson Wentz,279,401,36.5,3074,5,69.6,7.7,11.0,21,7,74.9,58,31,202,6,21.0,23.0,9.0,21.0,10.0,5.0,14.5,31.0,18.5,27.0,27.0,35.5,39.5,37.0,52.5
Mark Sanchez,19,35,17.5,138,0,54.3,3.9,7.3,0,3,10.7,20,7,42,0,53.0,52.0,48.0,54.0,44.5,51.5,54.0,54.0,54.0,12.0,53.0,54.0,11.0,13.0,8.5
Tom Brady,375,570,35.6,4355,5,65.8,7.6,11.6,29,11,96.6,63,21,147,2,8.0,9.0,12.0,7.0,10.0,20.0,17.0,19.0,10.0,39.0,13.0,33.0,27.5,28.0,31.0
Aaron Rodgers,372,597,37.3,4442,4,62.3,7.4,11.9,25,2,97.7,75,49,353,3,9.0,5.0,7.0,6.0,16.0,33.5,21.5,17.0,13.0,6.5,11.0,15.0,51.0,52.0,40.0
Russell Wilson,280,427,26.7,3448,1,65.6,8.1,12.3,35,7,109.1,66,51,355,2,20.0,20.0,36.0,18.0,31.5,21.0,11.0,10.5,3.5,27.0,2.0,29.5,52.5,53.0,31.0
Drew Brees,364,489,32.6,3992,6,74.4,8.2,11.0,32,5,105.1,72,17,121,1,12.5,16.0,24.0,13.0,6.0,1.0,8.5,31.0,7.0,22.5,6.0,22.0,23.0,21.5,21.0
Cam Newton,320,471,33.6,3395,3,67.9,7.2,10.6,24,13,83.3,82,29,213,0,17.0,18.0,20.0,19.0,20.5,11.0,26.5,38.5,14.5,48.0,21.0,6.5,37.0,40.5,8.5
Ben Roethlisberger,452,675,42.2,5129,8,67.0,7.6,11.3,34,16,97.4,97,24,166,2,1.0,1.0,1.0,1.0,3.0,14.0,17.0,22.5,5.0,55.0,12.0,1.0,31.5,33.0,31.0
Matt Ryan,422,608,38.0,4924,8,69.4,8.1,11.7,35,7,108.1,75,42,296,5,4.0,3.0,5.0,3.0,3.0,6.0,11.0,18.0,3.5,27.0,4.0,15.0,47.5,48.0,50.0
Philip Rivers,347,508,31.8,4308,5,68.3,8.5,12.4,32,12,105.7,75,32,204,1,15.0,14.0,25.5,8.0,10.0,9.5,5.0,8.0,7.0,44.5,5.0,15.0,41.0,38.5,21.0
Andrew Luck,430,639,39.9,4593,7,67.3,7.2,10.7,39,15,100.6,68,18,134,1,2.0,2.0,3.0,5.0,5.0,13.0,26.5,35.5,2.0,53.0,9.0,27.0,25.5,26.0,21.0
Alex Smith,205,328,32.8,2180,1,62.5,6.6,10.6,10,5,54.1,52,22,121,1,29.0,29.0,23.0,31.0,31.5,31.5,39.0,38.5,32.5,22.5,35.0,40.0,29.5,21.5,21.0
Matthew Stafford,367,555,34.7,3777,3,66.1,6.8,10.3,21,11,91.8,67,40,255,4,10.0,11.0,15.5,16.0,20.5,17.0,35.5,42.5,18.5,39.0,19.0,28.0,45.5,45.0,46.0
Jared Goff,364,561,35.1,4688,8,64.9,8.4,12.9,32,12,101.4,70,34,231,5,12.5,10.0,13.0,4.0,3.0,22.5,6.0,6.5,7.0,44.5,8.0,25.5,42.5,42.0,50.0
Kirk Cousins,425,606,37.9,4298,5,70.1,7.1,10.1,30,10,100.2,75,40,262,7,3.0,4.0,6.0,10.0,10.0,3.0,29.5,44.0,9.0,35.0,10.0,15.0,45.5,46.0,54.5
Deshaun Watson,345,505,31.6,4165,5,68.3,8.2,12.1,26,9,102.4,73,62,384,3,16.0,15.0,27.0,11.0,10.0,9.5,8.5,13.5,12.0,32.5,7.0,21.0,55.0,55.0,40.0
Derek Carr,381,553,34.6,4049,4,68.9,7.3,10.6,19,10,94.2,66,51,299,7,6.0,12.0,17.0,12.0,16.0,7.5,24.0,38.5,21.5,35.0,16.0,29.5,52.5,49.0,54.5
Jimmy Garoppolo,53,89,29.7,718,0,59.6,8.1,13.5,5,3,92.8,56,13,97,0,42.5,43.0,31.0,39.0,44.5,45.0,11.0,3.0,39.0,12.0,18.0,37.0,16.5,20.0,8.5
Tyrod Taylor,42,85,21.2,473,0,49.4,5.6,11.3,2,2,19.9,47,13,81,0,47.5,44.0,44.0,45.0,44.5,54.0,47.5,22.5,46.0,6.5,46.0,42.5,16.5,19.0,8.5
Joe Flacco,232,379,42.1,2465,2,61.2,6.5,10.6,12,6,48.3,71,16,79,1,25.0,25.0,2.0,27.0,26.0,37.0,42.0,38.5,29.0,24.0,37.0,23.5,20.0,18.0,21.0
Blake Bortles,243,403,31.0,2718,4,60.3,6.7,11.2,13,11,63.5,80,31,173,4,23.0,22.0,28.5,24.0,16.0,41.0,37.0,26.0,27.5,39.0,32.0,8.0,39.5,35.5,46.0
Marcus Mariota,228,331,23.6,2528,2,68.9,7.6,11.1,11,8,77.7,61,42,243,2,26.0,28.0,42.0,26.0,26.0,7.5,17.0,28.5,30.5,30.5,26.0,34.0,47.5,44.0,31.0
Sam Bradford,50,80,26.7,400,0,62.5,5.0,8.0,2,4,16.6,35,6,33,2,45.0,46.0,36.0,47.0,44.5,31.5,51.0,53.0,46.0,18.0,48.0,49.0,8.5,5.5,31.0
Dak Prescott,356,526,32.9,3884,2,67.7,7.4,10.9,22,8,96.4,90,56,347,6,14.0,13.0,22.0,15.0,26.0,12.0,21.5,33.5,16.0,30.5,14.0,2.0,54.0,51.0,52.5
Case Keenum,365,586,36.6,3890,3,62.3,6.6,10.7,18,15,81.9,64,34,235,2,11.0,6.0,8.0,14.0,20.5,33.5,39.0,35.5,23.0,53.0,23.0,31.5,42.5,43.0,31.0
Baker Mayfield,310,486,34.7,3725,3,63.8,7.7,12.0,27,14,85.5,71,25,173,3,18.0,17.0,15.5,17.0,20.5,28.0,14.5,15.5,11.0,50.0,20.0,23.5,33.0,35.5,40.0
Josh Rosen,217,393,28.1,2278,0,55.2,5.8,10.5,11,14,56.6,75,45,320,5,28.0,24.0,33.0,29.0,44.5,49.0,45.0,41.0,30.5,50.0,33.0,15.0,49.0,50.0,50.0
Nick Foles,141,195,39.0,1413,2,72.3,7.2,10.0,7,4,28.8,83,9,47,2,34.0,34.0,4.0,34.0,26.0,2.0,26.5,45.0,35.0,18.0,41.0,5.0,14.0,14.0,31.0
Andy Dalton,226,365,33.2,2566,2,61.9,7.0,11.4,21,11,80.4,49,21,157,0,27.0,27.0,21.0,25.0,26.0,35.0,31.5,20.0,18.5,39.0,24.0,41.0,27.5,31.5,8.5
Lamar Jackson,99,170,10.6,1201,0,58.2,7.1,12.1,6,3,63.6,74,16,73,4,38.0,37.0,53.0,37.0,44.5,46.0,29.5,13.5,37.0,12.0,31.0,20.0,20.0,16.0,46.0
Eli Manning,380,576,36.0,4299,5,66.0,7.5,11.3,21,11,96.0,58,47,358,4,7.0,8.0,11.0,9.0,10.0,18.5,19.0,22.5,18.5,39.0,15.0,35.5,50.0,54.0,46.0
Patrick Mahomes,383,580,36.2,5097,10,66.0,8.8,13.3,50,12,113.5,89,26,172,2,5.0,7.0,10.0,2.0,1.0,18.5,3.0,4.5,1.0,44.5,1.0,3.0,34.0,34.0,31.0
Sam Darnold,239,414,31.8,2865,2,57.7,6.9,12.0,17,15,65.3,76,30,204,2,24.0,21.0,25.5,23.0,26.0,47.0,33.5,15.5,25.0,53.0,30.0,10.0,38.0,38.5,31.0
Teddy Bridgewater,14,23,4.6,118,0,60.9,5.1,8.4,1,1,7.1,18,2,8,0,55.0,55.0,55.0,55.0,44.5,38.0,50.0,51.0,50.5,3.0,54.0,55.0,3.5,2.5,8.5
Ryan Tannehill,176,274,24.9,1979,0,64.2,7.2,11.2,17,9,74.1,75,35,279,4,30.5,31.5,41.0,33.0,44.5,26.5,26.5,26.0,25.0,32.5,28.0,15.0,44.0,47.0,46.0
Josh McCown,60,110,27.5,539,0,54.5,4.9,9.0,1,4,12.7,41,7,35,0,41.0,40.0,34.0,43.0,44.5,50.0,52.0,50.0,50.5,18.0,50.0,46.0,11.0,8.0,8.5
Ryan Fitzpatrick,164,246,30.8,2366,4,66.7,9.6,14.4,17,12,50.4,75,14,76,1,33.0,33.0,30.0,28.0,16.0,15.0,1.0,2.0,25.0,44.5,36.0,15.0,18.0,17.0,21.0
Cody Kessler,85,131,26.2,709,0,64.9,5.4,8.3,2,2,23.4,35,22,149,3,39.0,39.0,38.0,40.0,44.5,22.5,49.0,52.0,46.0,6.5,44.0,49.0,29.5,29.0,40.0
Mitch Trubisky,289,434,31.0,3223,4,66.6,7.4,11.2,24,12,82.7,70,24,143,3,19.0,19.0,28.5,20.0,16.0,16.0,21.5,26.0,14.5,44.5,22.0,25.5,31.5,27.0,40.0
Deshone Kizer,20,42,14.0,187,0,47.6,4.5,9.3,0,2,5.4,29,4,38,1,51.5,51.0,51.0,53.0,44.5,55.0,53.0,48.0,54.0,6.5,55.0,52.0,5.0,11.0,21.0
Josh Allen,169,320,26.7,2074,0,52.8,6.5,12.3,10,12,56.2,75,28,213,2,32.0,30.0,36.0,32.0,44.5,53.0,42.0,10.5,32.5,44.5,34.0,15.0,36.0,40.5,31.0
Chase Daniel,53,76,15.2,515,0,69.7,6.8,9.7,3,2,11.4,46,9,40,0,42.5,47.0,50.0,44.0,44.5,4.0,35.5,46.0,42.0,6.5,51.0,44.5,14.0,12.0,8.5
Colt McCoy,34,54,18.0,372,0,63.0,6.9,10.9,3,3,17.4,53,6,36,0,50.0,50.0,47.0,48.0,44.5,30.0,33.5,33.5,42.0,12.0,47.0,38.5,8.5,9.0,8.5
CJ Beathard,102,169,28.2,1252,1,60.4,7.4,12.3,8,7,26.0,82,18,156,3,37.0,38.0,32.0,35.0,31.5,39.5,21.5,10.5,34.0,27.0,42.0,6.5,25.5,30.0,40.0
Nathan Peterman,44,81,20.2,297,0,54.3,3.7,6.8,1,7,21.3,26,7,34,0,46.0,45.0,45.0,50.0,44.5,51.5,55.0,55.0,50.5,27.0,45.0,53.0,11.0,7.0,8.5
Jeff Driskel,105,176,19.6,1003,0,59.7,5.7,9.6,6,2,44.7,46,16,124,1,36.0,36.0,46.0,38.0,44.5,44.0,46.0,47.0,37.0,6.5,38.0,44.5,20.0,23.0,21.0
Brock Osweiler,113,178,25.4,1247,1,63.5,7.0,11.0,6,4,34.7,75,17,130,1,35.0,35.0,39.0,36.0,31.5,29.0,31.5,31.0,37.0,18.0,39.0,15.0,23.0,25.0,21.0
Blaine Gabbert,61,101,12.6,626,0,60.4,6.2,10.3,4,4,30.4,35,5,37,0,40.0,41.0,52.0,41.0,44.5,39.5,44.0,42.5,40.0,18.0,40.0,49.0,6.5,10.0,8.5
Taylor Heinicke,35,57,9.5,320,0,61.4,5.6,9.1,1,3,25.0,33,2,17,0,49.0,49.0,54.0,49.0,44.5,36.0,47.5,49.0,50.5,12.0,43.0,51.0,3.5,4.0,8.5
