NAME,COMP,ATT,ATT/G,YDS,300+ YDS,COMP%,YDS/ATT,YDS/COMP,TD,INT,QBR,LONG,SACKS,SACK YDS,FUML,COMP_rank,ATT_rank,ATT/G_rank,YDS_rank,300+ YDS_rank,COMP%_rank,YDS/ATT_rank,YDS/COMP_rank,TD_rank,INT_rank,QBR_rank,LONG_rank,SACKS_rank,SACK YDS_rank,FUML_rank,salary
Tom Brady,385,581,36.3,4577,6,66.3,7.9,11.9,32,8,102.6,64,35,201,3,2.0,1.0,4.0,1.0,2.0,12.0,10.5,12.0,3.0,37.0,2.0,26.5,49.0,45.0,45.0,20500000
Aaron Rodgers,154,238,34.0,1675,3,64.7,7.0,10.9,16,6,55.4,72,22,168,1,31.0,31.0,13.5,32.0,14.5,14.5,22.5,38.5,24.0,27.5,30.0,17.0,33.0,38.0,24.5,22000000
Russell Wilson,339,553,34.6,3983,3,61.3,7.2,11.7,34,11,95.4,74,43,322,3,11.0,6.0,9.0,9.0,14.5,32.5,20.0,16.5,1.0,42.5,7.5,14.5,55.0,57.0,45.0,21900000
Drew Brees,386,536,33.5,4334,3,72.0,8.1,11.2,23,8,104.0,54,20,145,0,1.0,9.0,18.0,4.0,14.5,4.0,5.5,30.0,11.0,37.0,1.0,34.5,28.0,31.0,9.0,24250000
Matt Ryan,342,529,33.1,4095,4,64.7,7.7,12.0,20,12,92.5,88,24,156,3,9.0,10.0,19.0,6.0,9.5,14.5,13.0,9.5,17.0,45.0,12.0,3.0,36.5,35.0,45.0,20750000
Carson Wentz,265,440,33.8,3296,4,60.2,7.5,12.4,33,7,101.9,72,28,162,3,24.0,23.0,15.5,19.0,9.5,35.5,16.0,6.5,2.0,32.5,3.0,17.0,41.0,37.0,45.0,6669085
Matthew Stafford,371,565,35.3,4446,5,65.7,7.9,12.0,29,10,101.8,71,47,287,7,3.0,4.0,6.0,3.0,5.5,13.0,10.5,9.5,4.0,40.5,4.0,19.0,57.0,55.0,57.0,27000000
Alex Smith,341,505,33.7,4042,5,67.5,8.0,11.9,26,5,99.0,79,35,207,1,10.0,13.0,17.0,8.0,5.5,6.0,7.5,12.0,9.0,21.5,5.0,8.0,49.0,47.5,24.5,17000000
Derek Carr,323,515,34.3,3496,3,62.7,6.8,10.8,22,13,83.0,87,20,101,3,13.0,12.0,10.5,14.0,14.5,22.0,26.5,40.5,13.5,49.5,18.0,4.0,28.0,23.0,45.0,25000000
Cam Newton,291,492,30.8,3302,2,59.1,6.7,11.3,22,16,81.6,64,35,242,1,18.0,15.0,29.0,18.0,21.5,41.0,30.0,25.0,13.5,57.0,20.0,26.5,49.0,51.0,24.5,20760000
Kirk Cousins,347,540,33.8,4093,5,64.3,7.6,11.8,27,13,95.4,74,41,342,5,8.0,8.0,15.5,7.0,5.5,16.0,14.5,14.5,8.0,49.5,7.5,14.5,54.0,58.0,53.5,23943600
Marcus Mariota,281,453,30.2,3232,2,62.0,7.1,11.5,13,15,75.6,75,27,173,1,20.0,21.0,33.0,20.0,21.5,26.5,21.0,20.0,26.5,56.0,22.0,12.0,39.5,40.0,24.5,6053494
Ben Roethlisberger,360,561,37.4,4251,4,64.2,7.6,11.8,28,14,89.4,97,21,139,1,4.5,5.0,3.0,5.0,9.5,17.0,14.5,14.5,6.0,54.0,13.0,1.0,30.5,29.0,24.5,21850000
Deshaun Watson,126,204,29.1,1699,2,61.8,8.3,13.5,19,8,62.0,72,19,116,1,32.0,35.0,36.0,31.0,21.5,28.0,4.0,1.0,19.5,37.0,26.0,17.0,25.5,25.0,24.5,3463570
Jameis Winston,282,442,34.0,3504,6,63.8,7.9,12.4,19,11,74.4,70,33,207,7,19.0,22.0,13.5,13.0,2.0,19.0,10.5,6.5,19.5,42.5,23.0,20.5,46.5,47.5,57.0,6337819
Philip Rivers,360,575,35.9,4515,6,62.6,7.9,12.5,28,10,96.4,75,18,120,1,4.5,2.0,5.0,2.0,2.0,23.5,10.5,5.0,6.0,40.5,6.0,12.0,24.0,26.0,24.5,20812500
Sam Bradford,32,43,21.5,382,1,74.4,8.9,11.9,3,0,17.9,44,5,40,0,47.0,50.0,48.0,47.0,30.0,3.0,1.0,12.0,46.0,2.5,47.0,46.5,9.5,13.0,9.0,18000000
Tyrod Taylor,263,420,28.0,2799,0,62.6,6.7,10.6,14,4,81.8,47,46,256,2,25.0,25.0,39.5,25.0,46.5,23.5,30.0,42.0,25.0,16.5,19.0,41.5,56.0,53.0,35.5,15250000
Andy Dalton,297,496,31.0,3320,1,59.9,6.7,11.2,25,12,86.5,77,39,255,4,16.0,14.0,28.0,17.0,30.0,37.0,30.0,30.0,10.0,45.0,15.0,9.5,52.5,52.0,51.5,16000000
Eli Manning,352,571,38.1,3468,2,61.6,6.1,9.9,19,13,74.2,77,31,189,5,6.5,3.0,1.5,15.0,21.5,29.0,44.0,48.5,19.5,49.5,24.0,9.5,43.5,42.0,53.5,21000000
Jared Goff,296,477,31.8,3804,5,62.1,8.0,12.9,28,7,95.3,94,25,172,3,17.0,18.0,24.0,10.0,5.5,25.0,7.5,3.5,6.0,32.5,9.0,2.0,38.0,39.0,45.0,6984418
Joe Flacco,352,549,34.3,3141,0,64.1,5.7,8.9,18,13,80.6,66,27,205,0,6.5,7.0,10.5,21.0,46.5,18.0,50.0,55.0,22.5,49.5,21.0,23.0,39.5,46.0,9.0,22133333
Brian Hoyer,123,211,19.2,1287,2,58.3,6.1,10.5,4,4,36.1,59,16,112,1,34.5,34.0,50.0,36.0,21.5,45.5,44.0,43.5,42.5,16.5,34.0,30.0,23.0,24.0,24.5,1480490
Carson Palmer,164,267,38.1,1978,3,61.4,7.4,12.1,9,7,54.2,46,22,150,0,30.0,30.0,1.5,29.0,14.5,30.5,18.0,8.0,30.5,32.5,31.0,44.0,33.0,33.0,9.0,24350000
Josh McCown,267,397,30.5,2926,3,67.3,7.4,11.0,18,9,93.5,69,39,264,4,22.0,26.0,32.0,23.0,14.5,9.0,18.0,36.0,22.5,39.0,10.0,22.0,52.5,54.0,51.5,6000000
Jay Cutler,266,429,30.6,2666,1,62.0,6.2,10.0,19,14,70.4,65,20,154,0,23.0,24.0,30.5,26.0,30.0,26.5,41.0,47.0,19.5,54.0,25.0,24.5,28.0,34.0,9.0,10000000
Patrick Mahomes,22,35,35.0,284,0,62.9,8.1,12.9,0,1,4.8,51,2,15,0,54.5,55.0,7.5,49.0,46.5,20.5,5.5,3.5,56.5,7.0,58.0,38.0,3.0,4.5,9.0,4106447
Blake Bortles,315,523,32.7,3687,4,60.2,7.0,11.7,21,13,85.9,75,24,123,3,14.0,11.0,20.0,11.0,9.5,35.5,22.5,16.5,16.0,49.5,16.0,12.0,36.5,27.0,45.0,5163703
Matt Moore,78,127,31.8,861,0,61.4,6.8,11.0,4,5,20.4,61,12,95,0,42.0,42.0,24.0,41.0,46.5,30.5,26.5,36.0,42.5,21.5,42.0,28.5,21.0,22.0,9.0,1775000
Nick Foles,57,101,14.4,537,0,56.4,5.3,9.4,5,2,29.3,35,5,44,2,43.0,44.0,53.0,44.0,46.5,47.0,54.0,52.0,38.0,10.5,37.0,51.0,9.5,14.0,35.5,5500000
Ryan Fitzpatrick,96,163,27.2,1103,0,58.9,6.8,11.5,7,3,29.7,41,7,34,0,37.5,39.0,43.0,37.0,46.5,43.0,26.5,20.0,33.0,13.5,36.0,48.5,13.5,10.0,9.0,3000000
Paxton Lynch,30,45,22.5,295,0,66.7,6.6,9.8,2,3,7.9,30,9,51,1,48.0,48.0,46.0,48.0,46.5,10.0,33.0,50.0,47.5,13.5,56.0,53.0,19.0,16.0,24.5,2369074
Matt Cassel,25,42,14.0,162,0,59.5,3.9,6.5,1,2,5.9,17,8,30,2,50.0,52.0,54.0,56.0,46.5,38.5,58.0,58.0,51.5,10.5,57.0,57.0,16.5,9.0,35.5,2625000
Case Keenum,325,481,32.1,3547,2,67.6,7.4,10.9,22,7,93.2,65,22,136,1,12.0,17.0,21.0,12.0,21.5,5.0,18.0,38.5,13.5,32.5,11.0,24.5,33.0,28.0,24.5,2000000
Mike Glennon,93,140,35.0,833,1,66.4,6.0,9.0,4,5,19.0,29,8,78,3,40.0,41.0,7.5,42.0,30.0,11.0,46.0,54.0,42.5,21.5,44.0,54.0,16.5,21.0,45.0,15000000
Landry Jones,23,28,9.3,239,0,82.1,8.5,10.4,1,1,8.8,46,3,15,1,53.0,56.0,56.0,53.0,46.5,2.0,3.0,45.0,51.5,7.0,52.0,44.0,5.5,4.5,24.5,2200000
Drew Stanton,79,159,31.8,890,0,49.7,5.6,11.3,6,5,18.9,52,7,39,0,41.0,40.0,24.0,40.0,46.5,54.0,51.0,25.0,35.5,21.5,45.0,36.5,13.5,12.0,9.0,3250000
Geno Smith,21,36,18.0,212,0,58.3,5.9,10.1,1,0,8.1,47,3,12,2,56.0,54.0,52.0,54.0,46.5,45.5,47.0,46.0,51.5,2.5,55.0,41.5,5.5,3.0,35.5,1200000
Blaine Gabbert,95,171,34.2,1086,0,55.6,6.4,11.4,6,6,22.9,52,23,149,2,39.0,38.0,12.0,39.0,46.5,51.0,36.5,22.0,35.5,27.5,41.0,36.5,35.0,32.0,35.5,895000
