NAME,COMP,ATT,ATT/G,YDS,300+ YDS,COMP%,YDS/ATT,YDS/COMP,TD,INT,QBR,LONG,SACKS,SACK YDS,FUML,COMP_rank,ATT_rank,ATT/G_rank,YDS_rank,300+ YDS_rank,COMP%_rank,YDS/ATT_rank,YDS/COMP_rank,TD_rank,INT_rank,QBR_rank,LONG_rank,SACKS_rank,SACK YDS_rank,FUML_rank,salary
Drew Lock,100,156,31.2,1020,1,64.1,6.5,10.2,7,3,92.4,48,5,26,1,35.5,38.0,29.0,38.0,32.0,24.0,40.5,46.0,34.0,15.0,9.0,40.0,6.5,5.0,19.0,1752704
Patrick Mahomes,319,484,34.6,4031,7,65.9,8.3,12.6,26,5,91.7,83,17,127,2,15.0,18.0,17.0,10.0,4.5,14.0,5.0,7.5,10.0,25.0,12.0,7.5,26.0,26.0,29.0,4106447
Tom Brady,373,613,38.3,4057,5,60.8,6.6,10.9,24,8,89.1,59,27,185,1,6.0,3.0,6.0,7.0,9.0,38.0,37.0,32.5,13.5,38.0,13.0,30.0,33.5,35.0,19.0,23000000
Drew Brees,281,378,34.4,2979,5,74.3,7.9,10.6,27,4,75.5,61,12,89,0,23.0,27.0,18.5,25.0,9.0,2.0,10.5,41.0,6.0,19.0,26.0,28.0,18.5,17.5,7.5,25000000
Matt Ryan,408,616,41.1,4466,11,66.2,7.2,10.9,26,14,86.7,93,48,316,5,1.0,2.0,2.0,4.0,1.5,11.0,18.0,32.5,10.0,51.0,17.0,1.0,55.0,54.0,50.0,30000000
Russell Wilson,341,516,32.2,4110,3,66.1,8.0,12.1,31,5,107.8,60,48,319,2,11.0,12.5,27.0,6.0,19.5,12.0,9.0,10.0,2.5,25.0,1.0,29.0,55.0,55.0,29.0,35000000
Aaron Rodgers,353,569,35.6,4002,4,62.0,7.0,11.3,26,4,95.7,74,36,284,4,9.0,8.0,13.0,11.0,14.0,32.0,24.0,24.5,10.0,19.0,7.0,18.0,42.5,50.0,46.0,33500000
Cam Newton,50,89,44.5,572,1,56.2,6.4,11.4,0,1,17.8,44,6,43,2,44.5,44.0,1.0,44.0,32.0,49.0,42.0,22.5,53.0,4.0,48.0,45.0,10.0,6.5,29.0,20760000
Baker Mayfield,317,534,33.4,3827,3,59.4,7.2,12.1,22,21,76.9,89,40,285,2,16.0,10.0,24.0,14.0,19.5,42.5,18.0,10.0,17.0,55.0,25.0,4.0,49.5,51.0,29.0,8170745
Ben Roethlisberger,35,62,31.0,351,0,56.5,5.7,10.0,0,1,66.5,45,2,7,0,50.5,51.0,30.0,52.0,46.5,48.0,49.5,47.5,53.0,4.0,30.0,43.5,2.0,1.0,7.5,34000000
Deshaun Watson,333,495,33.0,3852,3,67.3,7.8,11.6,26,12,92.2,54,44,257,3,12.0,16.0,25.0,13.0,19.5,9.0,13.0,17.0,10.0,45.0,10.0,33.0,51.0,48.0,39.5,3463570
Jared Goff,368,589,39.3,4426,6,62.5,7.5,12.0,22,14,87.9,66,20,157,5,7.0,7.0,4.0,5.0,6.0,28.5,15.5,12.0,17.0,51.0,15.0,24.5,28.0,30.0,50.0,33500000
Carson Wentz,388,607,37.9,4039,5,63.9,6.7,10.4,27,7,93.7,53,37,230,7,3.5,4.0,7.0,9.0,9.0,25.0,33.0,44.5,6.0,35.5,8.0,35.0,44.5,43.0,54.0,32000000
Kirk Cousins,307,444,29.6,3603,4,69.1,8.1,11.7,26,6,101.3,66,28,206,3,19.0,24.0,33.0,16.0,14.0,6.5,8.0,15.0,10.0,31.5,3.0,24.5,35.5,38.0,39.5,28000000
Andy Dalton,314,528,40.6,3494,4,59.5,6.6,11.1,16,14,62.4,66,37,249,4,17.0,11.0,3.0,18.0,14.0,41.0,37.0,28.5,29.0,51.0,31.0,24.5,44.5,47.0,46.0,16000000
Josh Rosen,58,109,18.2,567,0,53.2,5.2,9.8,1,5,13.8,40,16,93,0,43.0,41.0,52.0,45.0,46.5,53.0,54.0,49.0,48.5,25.0,50.0,47.0,24.5,19.5,7.5,4399439
Jimmy Garoppolo,329,476,29.8,3978,3,69.1,8.4,12.1,27,13,102.5,75,36,237,5,13.0,19.0,31.5,12.0,19.5,6.5,4.0,10.0,6.0,48.0,2.0,14.0,42.5,45.5,50.0,27500000
Derek Carr,361,513,32.1,4055,1,70.4,7.9,11.2,21,8,100.0,75,29,184,3,8.0,14.0,28.0,8.0,32.0,3.0,10.5,26.5,19.5,38.0,5.0,14.0,37.0,33.5,39.5,25000000
Nick Foles,77,117,29.2,736,0,65.8,6.3,9.6,3,2,43.5,39,8,60,2,40.0,40.0,34.0,40.0,46.5,15.0,43.0,51.5,44.5,10.0,38.5,48.0,13.5,15.0,29.0,22000000
Lamar Jackson,250,381,27.2,2958,1,65.6,7.8,11.8,31,6,99.2,83,21,97,2,27.0,26.0,39.0,26.0,32.0,16.0,13.0,13.5,2.5,31.5,6.0,7.5,29.0,22.0,29.0,2367912
Brian Hoyer,35,65,16.2,372,0,53.8,5.7,10.6,4,4,9.0,23,5,47,1,50.5,49.0,53.0,50.0,46.5,51.5,49.5,41.0,40.5,19.0,52.0,53.0,6.5,12.0,19.0,4000000
Matthew Stafford,187,291,36.4,2499,4,64.3,8.6,13.4,19,5,60.1,66,18,137,3,29.0,28.0,12.0,29.0,14.0,23.0,3.0,2.5,24.5,25.0,33.0,24.5,27.0,27.0,39.5,27000000
Josh Allen,271,461,28.8,3089,0,58.8,6.7,11.4,20,9,86.2,53,38,237,4,26.0,21.0,36.0,22.0,46.5,45.0,33.0,22.5,22.0,40.5,18.0,35.0,47.0,45.5,46.0,5685660
Josh Allen,271,461,28.8,3089,0,58.8,6.7,11.4,20,9,86.2,53,38,237,4,26.0,21.0,36.0,22.0,46.5,45.0,33.0,22.5,22.0,40.5,18.0,35.0,47.0,45.5,46.0,5295760
Robert Griffin III,22,35,5.8,186,0,62.9,5.3,8.5,1,2,23.7,20,4,15,0,54.0,55.0,56.0,55.0,46.5,27.0,53.0,54.0,48.5,10.0,41.0,56.0,4.0,3.0,7.5,2000000
Ryan Finley,41,87,29.0,474,0,47.1,5.4,11.6,2,2,11.9,47,11,93,3,48.0,45.0,35.0,47.0,46.5,55.0,52.0,17.0,47.0,10.0,51.0,41.5,16.5,19.5,39.5,827414
Dwayne Haskins,119,203,22.6,1365,0,58.6,6.7,11.5,7,7,43.5,75,28,194,2,34.0,33.0,47.0,34.0,46.5,46.0,33.0,20.0,34.0,35.5,38.5,14.0,35.5,36.5,29.0,3604153
Kyler Murray,349,542,33.9,3722,5,64.4,6.9,10.7,20,12,88.8,88,48,309,2,10.0,9.0,20.5,15.0,9.0,21.5,28.0,37.0,22.0,45.0,14.0,5.0,55.0,53.0,29.0,8789661
Ryan Fitzpatrick,311,502,33.5,3529,4,62.0,7.0,11.3,20,13,80.6,51,40,209,2,18.0,15.0,23.0,17.0,14.0,32.0,24.0,24.5,22.0,48.0,22.0,38.0,49.5,39.0,29.0,5500000
Matt Barkley,27,51,25.5,359,0,52.9,7.0,13.3,0,3,6.5,41,2,10,1,53.0,53.0,42.0,51.0,46.5,54.0,24.0,4.0,53.0,15.0,53.5,46.0,2.0,2.0,19.0,2000000
Sam Darnold,273,441,33.9,3024,2,61.9,6.9,11.1,19,13,70.2,92,33,212,3,24.0,25.0,20.5,24.0,25.0,35.0,28.0,28.5,24.5,48.0,27.0,2.0,39.5,40.5,39.5,7561929
Daniel Jones,284,459,35.3,3027,5,61.9,6.6,10.7,24,12,69.9,75,38,295,11,22.0,22.0,14.0,23.0,9.0,35.0,37.0,37.0,13.5,45.0,28.0,14.0,47.0,52.0,56.0,6416014
Teddy Bridgewater,133,196,21.8,1384,1,67.9,7.1,10.4,9,2,44.3,45,12,89,0,33.0,34.0,48.0,33.0,32.0,8.0,20.5,44.5,32.0,10.0,37.0,43.5,18.5,17.5,7.5,7250000
Gardner Minshew,285,470,33.6,3271,2,60.6,7.0,11.5,21,6,79.9,70,33,184,7,21.0,20.0,22.0,20.0,25.0,40.0,24.0,20.0,19.5,31.5,23.0,20.5,39.5,33.5,54.0,677721
Joe Flacco,171,262,32.8,1822,1,65.3,7.0,10.7,6,5,85.1,70,26,194,3,31.0,31.0,26.0,30.0,32.0,17.0,24.0,37.0,36.5,25.0,19.0,20.5,32.0,36.5,39.5,22133333
Jacoby Brissett,272,447,29.8,2942,3,60.9,6.6,10.8,18,6,82.9,50,27,159,5,25.0,23.0,31.5,27.0,19.5,37.0,37.0,34.0,26.0,31.5,20.0,39.0,33.5,31.0,50.0,15000000
Matt Schaub,50,67,11.2,580,1,74.6,8.7,11.6,3,1,22.6,35,2,17,1,44.5,48.0,55.0,43.0,32.0,1.0,2.0,17.0,44.5,4.0,42.0,51.0,2.0,4.0,19.0,1890000
Will Grier,28,52,26.0,228,0,53.8,4.4,8.1,0,4,2.9,28,6,44,1,52.0,52.0,41.0,53.0,46.5,51.5,55.5,55.0,53.0,19.0,56.0,52.0,10.0,9.0,19.0,963249
Mason Rudolph,176,283,28.3,1765,0,62.2,6.2,10.0,13,9,52.1,76,15,124,0,30.0,30.0,37.0,31.0,46.5,30.0,44.0,47.5,30.0,40.5,34.0,10.0,22.0,25.0,7.5,980472
