NAME,ATT,YDS,YDS/ATT,ATT/G,100+ YDS,TD,LONG,FUM,FUML,YDS_rank,ATT_rank,YDS/ATT_rank,ATT/G_rank,100+ YDS_rank,TD_rank,LONG_rank,FUM_rank,FUML_rank,salary
Le'Veon Bell,321,1291,59.5,21.4,4,9,27,3,2,3.0,1.0,31.5,2.0,7.0,4.0,60.0,87.5,87.5,12120000
Ezekiel Elliott,242,983,38.2,24.2,5,7,30,1,1,10.0,10.0,64.0,1.0,4.0,12.0,55.5,51.0,64.0,6239085
Todd Gurley,279,1305,70.5,18.6,6,13,57,5,2,2.0,4.0,11.0,4.0,1.5,1.0,23.0,97.0,87.5,3455796
LeSean McCoy,287,1138,61.9,17.9,4,6,48,3,1,4.0,2.0,22.0,6.0,7.0,16.0,29.5,87.5,64.0,8000000
Leonard Fournette,268,1040,47.8,20.6,5,9,90,2,0,8.0,7.0,51.0,3.0,4.0,4.0,1.0,74.5,24.5,6787711
DeMarco Murray,184,659,52.5,12.3,1,6,75,1,1,27.0,21.0,43.0,26.0,32.0,16.0,4.5,51.0,64.0,6312500
Devonta Freeman,196,865,59.5,14.0,2,7,44,4,1,18.0,20.0,31.5,18.0,17.0,12.0,35.5,95.0,64.0,8250000
Melvin Gordon,284,1105,61.5,17.8,2,8,87,1,0,7.0,3.0,24.0,7.0,17.0,8.0,2.0,51.0,24.5,2667443
Mark Ingram,230,1124,78.6,14.4,4,12,72,3,3,5.0,13.0,6.0,16.0,7.0,2.0,8.0,87.5,97.0,4000000
Doug Martin,138,406,28.8,12.5,0,3,27,1,1,45.0,35.0,74.0,25.0,68.5,38.0,60.0,51.0,64.0,7150000
Joe Mixon,178,626,50.2,12.7,1,4,25,3,2,30.0,23.5,45.0,24.0,32.0,28.5,66.5,87.5,87.5,1362544
Dalvin Cook,74,354,19.8,18.5,1,2,33,1,1,51.0,56.5,85.0,5.0,32.0,53.0,50.5,51.0,64.0,1588334
Matt Forte,103,381,41.8,8.6,0,2,20,1,1,48.0,47.0,59.0,44.0,68.5,53.0,79.5,51.0,64.0,4000000
Bilal Powell,178,772,60.2,11.9,2,5,75,1,1,21.0,23.5,28.5,28.0,17.0,21.5,4.5,51.0,64.0,3750000
Lamar Miller,238,888,62.8,14.9,0,3,21,1,0,16.0,12.0,17.5,14.5,68.5,38.0,75.0,51.0,24.5,6500000
Marshawn Lynch,207,891,66.5,13.8,2,7,51,1,1,15.0,17.0,14.5,19.0,17.0,12.0,27.0,51.0,64.0,4500000
Frank Gore,261,961,60.2,16.3,2,3,21,3,0,12.0,8.0,28.5,10.0,17.0,38.0,75.0,87.5,24.5,4000000
Chris Thompson,64,294,59.7,6.4,0,2,61,3,2,58.0,64.0,30.0,63.5,68.5,53.0,16.5,87.5,87.5,3503400
Latavius Murray,216,842,57.0,13.5,2,8,46,1,0,20.0,14.0,38.0,20.0,17.0,8.0,32.0,51.0,24.5,5000000
Carlos Hyde,240,938,62.5,15.0,1,8,61,2,1,13.0,11.0,19.0,13.0,32.0,8.0,16.5,74.5,64.0,920420
Jeremy Hill,37,116,21.7,5.3,0,0,13,1,0,86.0,84.0,80.0,70.0,68.5,89.5,91.5,51.0,24.5,938401
Derrick Henry,176,744,64.9,11.0,2,5,75,1,0,24.0,25.0,16.0,35.0,17.0,21.5,4.5,51.0,24.5,1351982
Adrian Peterson,156,529,29.6,15.6,2,2,27,3,2,37.0,30.5,72.0,11.0,17.0,53.0,60.0,87.5,87.5,3500000
Isaiah Crowell,206,853,71.8,12.9,1,2,59,1,1,19.0,18.0,10.0,23.0,32.0,53.0,19.0,51.0,64.0,2746000
Christian McCaffrey,117,435,54.8,7.3,0,2,40,2,1,42.0,39.0,40.0,55.0,68.5,53.0,38.5,74.5,64.0,4310326
Theo Riddick,84,286,50.1,5.2,0,3,21,1,1,59.0,51.0,46.0,71.0,68.5,38.0,75.0,51.0,64.0,3850000
Jacquizz Rodgers,64,244,36.9,4.0,0,1,36,0,0,68.0,64.0,67.0,79.5,68.5,71.5,43.0,17.5,24.5,1650000
Ameer Abdullah,165,552,49.7,11.8,0,4,34,2,1,35.0,29.0,47.5,29.0,68.5,28.5,47.0,74.5,64.0,1039032
LeGarrette Blount,173,766,62.0,10.8,1,2,68,1,1,22.0,27.0,21.0,37.0,32.0,53.0,14.0,51.0,64.0,1250000
Mike Gillislee,104,383,33.9,11.6,0,5,16,1,1,46.0,46.0,69.0,30.0,68.5,21.5,86.5,51.0,64.0,3200000
Alvin Kamara,120,728,104.6,7.5,1,8,74,1,1,25.0,37.5,2.0,53.5,32.0,8.0,7.0,51.0,64.0,964443
Terrance West,39,138,18.0,7.8,0,2,13,1,1,83.0,83.0,88.0,50.5,68.5,53.0,91.5,51.0,64.0,1797000
James White,43,171,49.7,3.1,0,0,10,0,0,77.0,80.0,47.5,87.0,68.5,89.5,96.0,17.5,24.5,4000000
Giovani Bernard,105,458,57.4,6.6,1,2,25,0,0,40.0,44.5,35.0,60.0,32.0,53.0,66.5,17.5,24.5,5166667
Chris Ivory,112,382,37.4,8.0,0,1,34,2,2,47.0,41.0,65.0,49.0,68.5,71.5,47.0,74.5,87.5,6400000
Rex Burkhead,64,264,37.2,6.4,0,5,31,1,0,62.0,64.0,66.0,63.5,68.5,21.5,53.0,51.0,24.5,3150000
Dion Lewis,180,896,77.1,11.2,2,6,44,0,0,14.0,22.0,7.0,33.5,17.0,16.0,35.5,17.5,24.5,1300000
Eddie Lacy,69,179,20.2,7.7,0,0,19,0,0,75.0,60.5,84.0,52.0,68.5,89.5,82.0,17.5,24.5,4250000
Damien Williams,46,181,28.4,4.2,0,0,69,0,0,74.0,76.5,75.0,78.0,68.5,89.5,12.0,17.5,24.5,1797000
Jonathan Stewart,198,680,49.0,13.2,2,6,60,3,3,26.0,19.0,50.0,21.0,17.0,16.0,18.0,87.5,97.0,8000000
Robert Turbin,23,53,14.6,3.8,0,1,7,0,0,97.0,91.5,93.0,81.5,68.5,71.5,97.0,17.5,24.5,1350000
Shane Vereen,45,164,45.3,2.8,0,0,17,0,0,79.0,78.5,54.0,89.0,68.5,89.5,84.5,17.5,24.5,4116667
Alfred Morris,115,547,89.2,8.2,1,1,70,0,0,36.0,40.0,4.0,48.0,32.0,71.5,10.0,17.5,24.5,1750000
Jamaal Charles,69,296,45.4,4.9,0,1,19,2,2,57.0,60.5,53.0,73.5,68.5,71.5,82.0,74.5,87.5,2500000
Charcandrick West,18,72,39.8,1.4,0,2,21,1,0,95.0,97.5,60.5,96.5,68.5,53.0,75.0,51.0,24.5,1800000
Orleans Darkwa,171,751,62.8,11.4,2,5,75,1,0,23.0,28.0,17.5,31.0,17.0,21.5,4.5,51.0,24.5,1100000
Andre Ellington,20,55,13.5,1.7,0,1,14,0,0,96.0,95.5,94.0,95.0,68.5,71.5,89.0,17.5,24.5,905000
Kapri Bibbs,21,79,10.6,7.0,0,0,16,0,0,94.0,93.5,95.0,56.0,68.5,89.5,86.5,17.5,24.5,987500
