NAME,ATT,YDS,YDS/ATT,ATT/G,100+ YDS,TD,LONG,FUM,FUML,YDS_rank,ATT_rank,YDS/ATT_rank,ATT/G_rank,100+ YDS_rank,TD_rank,LONG_rank,FUM_rank,FUML_rank
Spencer Ware,17,51,3.0,5.7,0,0,6,1,0,95.0,96.0,91.5,55.5,68.5,86.0,96.5,52.0,22.5
Trey Edmunds,22,92,4.2,2.0,0,0,45,0,0,89.0,90.5,47.0,93.5,68.5,86.0,26.5,18.0,22.5
Tra Carson,18,48,2.7,6.0,0,0,12,0,0,97.0,93.5,94.0,54.0,68.5,86.0,92.0,18.0,22.5
Bo Scarbrough,89,377,4.2,14.8,0,1,30,1,1,48.0,47.0,47.0,17.5,68.5,68.5,49.5,52.0,62.0
Boston Scott,61,245,4.0,5.5,0,5,25,4,1,59.5,60.0,53.5,57.0,68.5,27.0,60.0,92.5,62.0
Kareem Hunt,43,179,4.2,5.4,0,2,16,1,0,70.0,71.0,47.0,58.5,68.5,55.0,85.0,52.0,22.5
Jonathan Hilliman,30,91,3.0,10.0,0,0,10,2,2,90.0,82.0,91.5,34.0,68.5,86.0,94.0,74.0,86.5
Jeffery Wilson,27,105,3.9,2.7,0,4,25,0,0,87.0,85.0,58.5,88.0,68.5,33.0,60.0,18.0,22.5
Melvin Gordon,162,612,3.8,13.5,1,8,24,4,3,31.0,27.0,65.5,22.0,32.0,10.0,63.0,92.5,95.0
Ezekiel Elliott,301,1357,4.5,18.8,7,12,33,3,2,4.0,2.0,33.5,2.0,1.5,5.5,45.5,84.5,86.5
Todd Gurley,217,835,3.8,15.5,0,12,25,3,2,19.0,17.5,65.5,13.0,68.5,5.5,60.0,84.5,86.5
Saquon Barkley,217,1003,4.6,16.7,4,6,68,1,0,14.0,17.5,28.5,11.0,9.5,20.0,9.0,52.0,22.5
Le'Veon Bell,246,789,3.2,16.4,0,3,19,1,1,23.0,11.0,86.0,12.0,68.5,41.5,71.0,52.0,62.0
Christian McCaffrey,287,1387,4.8,17.9,6,15,84,1,0,3.0,4.0,22.0,6.5,4.0,3.0,3.0,52.0,22.5
David Johnson,94,345,3.7,7.2,0,2,18,1,1,50.0,46.0,73.5,49.0,68.5,55.0,74.5,52.0,62.0
Phillip Lindsay,224,1011,4.5,14.0,2,7,40,0,0,13.0,16.0,33.5,21.0,20.0,14.5,36.0,18.0,22.5
Devonta Freeman,184,656,3.6,13.1,0,2,28,3,2,27.5,21.0,79.5,24.0,68.5,55.0,52.5,84.5,86.5
Alvin Kamara,171,797,4.7,12.2,0,5,40,4,1,22.0,24.0,25.0,26.0,68.5,27.0,36.0,92.5,62.0
Chris Carson,278,1230,4.4,18.5,6,7,59,7,4,5.0,5.5,38.0,5.0,4.0,14.5,14.5,97.0,97.0
Dalvin Cook,250,1135,4.5,17.9,5,13,75,4,2,9.0,8.0,33.5,6.5,7.0,4.0,7.0,92.5,86.5
Joe Mixon,278,1137,4.1,17.4,4,5,41,0,0,8.0,5.5,50.5,10.0,9.5,27.0,31.5,18.0,22.5
Mark Ingram,187,907,4.9,13.4,3,9,53,2,2,16.0,20.0,18.0,23.0,13.0,7.0,21.0,74.0,86.5
Dion Lewis,54,209,3.9,3.4,0,0,17,1,1,64.0,63.0,58.5,75.5,68.5,86.0,80.0,52.0,62.0
Derrick Henry,303,1540,5.1,20.2,6,16,74,5,3,1.0,1.0,12.0,1.0,4.0,1.5,8.0,96.0,95.0
Adrian Peterson,211,898,4.3,14.1,2,5,32,3,2,17.0,19.0,42.5,19.5,20.0,27.0,47.5,84.5,86.5
James Conner,116,464,4.0,11.6,1,4,25,1,1,40.0,38.0,53.5,29.0,32.0,33.0,60.0,52.0,62.0
Nick Chubb,298,1494,5.0,18.6,7,8,88,3,3,2.0,3.0,15.0,3.5,1.5,10.0,2.0,84.5,95.0
Marlon Mack,247,1091,4.4,17.6,3,8,63,0,0,10.0,9.5,38.0,9.0,13.0,10.0,11.5,18.0,22.5
James White,67,263,3.9,4.5,0,1,32,1,1,57.0,53.0,58.5,66.5,68.5,68.5,47.5,52.0,62.0
Matt Breida,123,623,5.1,9.5,2,1,83,2,1,30.0,35.0,12.0,37.0,20.0,68.5,4.0,74.0,62.0
Tarik Cohen,64,213,3.3,4.0,0,0,19,3,0,63.0,57.0,84.0,72.0,68.5,86.0,71.0,84.5,22.5
LeSean McCoy,101,465,4.6,7.8,0,4,39,3,2,39.0,44.0,28.5,45.0,68.5,33.0,39.0,84.5,86.5
Tevin Coleman,137,544,4.0,9.8,1,6,48,0,0,34.0,31.5,53.5,35.0,32.0,20.0,24.5,18.0,22.5
Sony Michel,247,912,3.7,15.4,0,7,26,2,1,15.0,9.5,73.5,14.0,68.5,14.5,56.5,74.0,62.0
Latavius Murray,146,637,4.4,9.1,2,5,30,0,0,29.0,30.0,38.0,38.0,20.0,27.0,49.5,18.0,22.5
Aaron Jones,236,1084,4.6,14.8,5,16,56,3,2,11.0,15.0,28.5,17.5,7.0,1.5,18.0,84.5,86.5
Duke Johnson,83,410,4.9,5.2,0,2,40,1,1,45.0,49.0,18.0,60.5,68.5,55.0,36.0,52.0,62.0
Jordan Howard,119,525,4.4,11.9,0,6,20,0,0,35.0,36.5,38.0,28.0,68.5,20.0,68.5,18.0,22.5
Rashaad Penny,65,370,5.7,6.5,1,3,58,1,1,49.0,55.5,5.0,51.5,32.0,41.5,16.5,52.0,62.0
Austin Ekeler,132,557,4.2,8.2,1,3,35,3,2,33.0,33.5,47.0,42.5,32.0,41.5,43.5,84.5,86.5
Giovani Bernard,53,170,3.2,3.3,0,0,25,2,1,72.0,64.5,86.0,77.5,68.5,86.0,60.0,74.0,62.0
Leonard Fournette,265,1152,4.3,17.7,3,3,81,1,1,6.0,7.0,42.5,8.0,13.0,41.5,5.0,52.0,62.0
Frank Gore,166,599,3.6,10.4,1,2,41,0,0,32.0,26.0,79.5,32.0,32.0,55.0,31.5,18.0,22.5
Kerryon Johnson,113,403,3.6,14.1,1,3,20,1,1,46.0,39.0,79.5,19.5,32.0,41.5,68.5,52.0,62.0
Damien Williams,111,498,4.5,10.1,2,5,91,1,1,36.0,40.0,33.5,33.0,20.0,27.0,1.0,52.0,62.0
Nyheim Hines,52,199,3.8,3.2,0,2,18,1,1,68.0,66.0,65.5,79.5,68.5,55.0,74.5,52.0,62.0
TJ Yeldon,17,63,3.7,2.8,0,0,12,1,1,94.0,96.0,73.5,86.0,68.5,86.0,92.0,52.0,62.0
Kenyan Drake,170,817,4.8,12.1,3,8,80,2,1,21.0,25.0,22.0,27.0,13.0,10.0,6.0,74.0,62.0
Darren Sproles,17,66,3.9,2.8,0,0,17,1,0,93.0,96.0,58.5,86.0,68.5,86.0,80.0,52.0,22.5
Darwin Thompson,37,128,3.5,3.1,0,1,12,0,0,80.0,77.5,82.0,82.0,68.5,68.5,92.0,18.0,22.5
Rex Burkhead,65,302,4.6,5.0,0,3,33,1,1,54.0,55.5,28.5,63.0,68.5,41.5,45.5,52.0,62.0
Kerrith Whyte Jr.,25,122,4.9,4.2,0,0,21,0,0,81.0,86.0,18.0,68.0,68.5,86.0,67.0,18.0,22.5
Royce Freeman,132,496,3.8,8.2,0,3,26,0,0,37.0,33.5,65.5,42.5,68.5,41.5,56.5,18.0,22.5
Chris Thompson,37,138,3.7,3.4,0,0,16,1,0,77.0,77.5,73.5,75.5,68.5,86.0,85.0,52.0,22.5
Jamaal Williams,107,460,4.3,7.6,1,1,45,0,0,42.0,43.0,42.5,47.5,32.0,68.5,26.5,18.0,22.5
Bilal Powell,59,229,3.9,4.5,0,0,17,0,0,62.0,62.0,58.5,66.5,68.5,86.0,80.0,18.0,22.5
Ronald Jones II,172,724,4.2,10.8,1,6,49,3,2,26.0,23.0,47.0,31.0,32.0,20.0,23.0,84.5,86.5
Benny Snell Jr.,108,426,3.9,8.3,0,2,23,1,1,44.0,41.5,58.5,41.0,68.5,55.0,64.0,52.0,62.0
Patrick Laird,62,168,2.7,4.1,0,1,18,0,0,73.0,59.0,94.0,70.0,68.5,68.5,74.5,18.0,22.5
Derrius Guice,42,245,5.8,8.4,1,2,60,0,0,59.5,72.0,4.0,40.0,32.0,55.0,13.0,18.0,22.5
CJ Prosise,23,72,3.1,2.6,0,1,17,1,1,92.0,87.5,89.0,89.0,68.5,68.5,80.0,52.0,62.0
Ito Smith,22,106,4.8,3.1,0,1,28,0,0,86.0,90.5,22.0,82.0,68.5,68.5,52.5,18.0,22.5
Ameer Abdullah,23,115,5.0,1.4,0,0,15,1,1,82.0,87.5,15.0,96.0,68.5,86.0,87.5,52.0,62.0
Peyton Barber,154,470,3.1,9.6,0,6,17,1,1,38.0,28.0,89.0,36.0,68.5,20.0,80.0,52.0,62.0
Justin Jackson,29,200,6.9,4.1,0,0,40,0,0,67.0,83.5,1.0,70.0,68.5,86.0,36.0,18.0,22.5
JD McKissic,38,205,5.4,2.4,0,0,44,0,0,65.0,76.0,9.0,90.5,68.5,86.0,28.5,18.0,22.5
Qadree Ollison,22,50,2.3,2.8,0,4,6,1,0,96.0,90.5,96.0,86.0,68.5,33.0,96.5,52.0,22.5
Carlos Hyde,245,1070,4.4,15.3,3,6,58,4,2,12.0,12.0,38.0,15.0,13.0,20.0,16.5,92.5,86.5
Chase Edmonds,60,303,5.0,4.6,1,4,37,0,0,53.0,61.0,15.0,65.0,32.0,33.0,41.0,18.0,22.5
Wendell Smallwood,22,81,3.7,1.5,0,0,17,0,0,91.0,90.5,73.5,95.0,68.5,86.0,80.0,18.0,22.5
Tony Pollard,86,455,5.3,5.7,2,2,44,1,1,43.0,48.0,10.0,55.5,20.0,55.0,28.5,52.0,62.0
Miles Sanders,179,818,4.6,11.2,1,3,65,2,1,20.0,22.0,28.5,30.0,32.0,41.5,10.0,74.0,62.0
Deandre Washington,108,387,3.6,6.8,0,3,36,0,0,47.0,41.5,79.5,50.0,68.5,41.5,42.0,18.0,22.5
Devin Singletary,151,775,5.1,12.6,1,2,38,4,1,24.0,29.0,12.0,25.0,32.0,55.0,40.0,92.5,62.0
Travis Homer,18,114,6.3,1.1,0,0,29,0,0,83.0,93.5,2.0,97.0,68.5,86.0,51.0,18.0,22.5
David Montgomery,242,889,3.7,15.1,2,6,55,2,2,18.0,13.5,73.5,16.0,20.0,20.0,19.5,74.0,86.5
Gus Edwards,119,656,5.5,7.9,2,2,63,2,1,27.5,36.5,8.0,44.0,20.0,55.0,11.5,74.0,62.0
Raheem Mostert,137,772,5.6,8.6,1,8,41,2,2,25.0,31.5,6.5,39.0,32.0,10.0,31.5,74.0,86.5
Brian Hill,78,323,4.1,6.5,0,2,27,0,0,51.0,50.0,50.5,51.5,68.5,55.0,54.5,18.0,22.5
Darrell Henderson,39,147,3.8,3.2,0,0,22,0,0,74.0,74.5,65.5,79.5,68.5,86.0,65.5,18.0,22.5
Josh Jacobs,242,1150,4.8,18.6,5,7,51,1,1,7.0,13.5,22.0,3.5,7.0,14.5,22.0,52.0,62.0
Jalen Richard,39,145,3.7,2.4,0,0,13,2,0,75.0,74.5,73.5,90.5,68.5,86.0,89.5,74.0,22.5
Ty Montgomery,32,103,3.2,2.0,0,0,15,0,0,88.0,81.0,86.0,93.5,68.5,86.0,87.5,18.0,22.5
Malcolm Brown,68,255,3.8,5.2,0,5,17,0,0,58.0,52.0,65.5,60.5,68.5,27.0,80.0,18.0,22.5
Kalen Ballage,74,135,1.8,6.2,0,3,8,0,0,78.0,51.0,97.0,53.0,68.5,41.5,95.0,18.0,22.5
Jordan Wilkins,51,307,6.0,3.6,0,2,55,0,0,52.0,67.0,3.0,74.0,68.5,55.0,19.5,18.0,22.5
Myles Gaskin,36,133,3.7,5.1,0,1,27,0,0,79.0,79.0,73.5,62.0,68.5,68.5,54.5,18.0,22.5
Wayne Gallman,29,110,3.8,2.9,0,2,22,1,1,84.0,83.5,65.5,84.0,68.5,55.0,65.5,52.0,62.0
Ryquell Armstead,35,108,3.1,2.2,0,0,16,0,0,85.0,80.0,89.0,92.0,68.5,86.0,85.0,18.0,22.5
Justice Hill,50,198,4.0,3.3,0,2,18,0,0,69.0,68.0,53.5,77.5,68.5,55.0,74.5,18.0,22.5
Alexander Mattison,100,462,4.6,7.7,0,1,35,1,1,41.0,45.0,28.5,46.0,68.5,68.5,43.5,52.0,62.0
Ty Johnson,63,273,4.3,3.9,0,0,40,1,1,55.5,58.0,42.5,73.0,68.5,86.0,36.0,52.0,62.0
Mark Walton,53,201,3.8,7.6,0,0,19,1,1,66.0,64.5,65.5,47.5,68.5,86.0,71.0,52.0,62.0
Darrel Williams,41,141,3.4,4.1,0,3,41,1,1,76.0,73.0,83.0,70.0,68.5,41.5,31.5,52.0,62.0
Jonathan Williams,49,235,4.8,5.4,2,1,48,0,0,61.0,69.5,22.0,58.5,20.0,68.5,24.5,18.0,22.5
Mike Boone,49,273,5.6,3.1,1,3,59,0,0,55.5,69.5,6.5,82.0,32.0,41.5,14.5,18.0,22.5
Jaylen Samuels,66,175,2.7,4.7,0,1,13,1,1,71.0,54.0,94.0,64.0,68.5,68.5,89.5,52.0,62.0
