NAME,ATT,YDS,YDS/ATT,ATT/G,100+ YDS,TD,LONG,FUM,FUML,YDS_rank,ATT_rank,YDS/ATT_rank,ATT/G_rank,100+ YDS_rank,TD_rank,LONG_rank,FUM_rank,FUML_rank
Le'Veon Bell,321,1291,59.5,21.4,4,9,27,3,2,3.0,1.0,31.5,2.0,7.0,4.0,60.0,87.5,87.5
Ezekiel Elliott,242,983,38.2,24.2,5,7,30,1,1,10.0,10.0,64.0,1.0,4.0,12.0,55.5,51.0,64.0
Todd Gurley,279,1305,70.5,18.6,6,13,57,5,2,2.0,4.0,11.0,4.0,1.5,1.0,23.0,97.0,87.5
Kareem Hunt,272,1327,106.0,17.0,6,8,69,1,1,1.0,6.0,1.0,9.0,1.5,8.0,12.0,51.0,64.0
LeSean McCoy,287,1138,61.9,17.9,4,6,48,3,1,4.0,2.0,22.0,6.0,7.0,16.0,29.5,87.5,64.0
Leonard Fournette,268,1040,47.8,20.6,5,9,90,2,0,8.0,7.0,51.0,3.0,4.0,4.0,1.0,74.5,24.5
DeMarco Murray,184,659,52.5,12.3,1,6,75,1,1,27.0,21.0,43.0,26.0,32.0,16.0,4.5,51.0,64.0
Devonta Freeman,196,865,59.5,14.0,2,7,44,4,1,18.0,20.0,31.5,18.0,17.0,12.0,35.5,95.0,64.0
Melvin Gordon,284,1105,61.5,17.8,2,8,87,1,0,7.0,3.0,24.0,7.0,17.0,8.0,2.0,51.0,24.5
Mark Ingram,230,1124,78.6,14.4,4,12,72,3,3,5.0,13.0,6.0,16.0,7.0,2.0,8.0,87.5,97.0
Doug Martin,138,406,28.8,12.5,0,3,27,1,1,45.0,35.0,74.0,25.0,68.5,38.0,60.0,51.0,64.0
Jay Ajayi,208,873,66.5,14.9,2,1,71,3,2,17.0,16.0,14.5,14.5,17.0,71.5,9.0,87.5,87.5
Joe Mixon,178,626,50.2,12.7,1,4,25,3,2,30.0,23.5,45.0,24.0,32.0,28.5,66.5,87.5,87.5
Jordan Howard,276,1122,58.7,17.2,5,9,53,1,1,6.0,5.0,33.0,8.0,4.0,4.0,24.0,51.0,64.0
Dalvin Cook,74,354,19.8,18.5,1,2,33,1,1,51.0,56.5,85.0,5.0,32.0,53.0,50.5,51.0,64.0
Matt Forte,103,381,41.8,8.6,0,2,20,1,1,48.0,47.0,59.0,44.0,68.5,53.0,79.5,51.0,64.0
Bilal Powell,178,772,60.2,11.9,2,5,75,1,1,21.0,23.5,28.5,28.0,17.0,21.5,4.5,51.0,64.0
Lamar Miller,238,888,62.8,14.9,0,3,21,1,0,16.0,12.0,17.5,14.5,68.5,38.0,75.0,51.0,24.5
Marshawn Lynch,207,891,66.5,13.8,2,7,51,1,1,15.0,17.0,14.5,19.0,17.0,12.0,27.0,51.0,64.0
Frank Gore,261,961,60.2,16.3,2,3,21,3,0,12.0,8.0,28.5,10.0,17.0,38.0,75.0,87.5,24.5
Tevin Coleman,156,628,60.5,10.4,0,5,52,1,0,29.0,30.5,27.0,38.0,68.5,21.5,25.5,51.0,24.5
Chris Thompson,64,294,59.7,6.4,0,2,61,3,2,58.0,64.0,30.0,63.5,68.5,53.0,16.5,87.5,87.5
Latavius Murray,216,842,57.0,13.5,2,8,46,1,0,20.0,14.0,38.0,20.0,17.0,8.0,32.0,51.0,24.5
Carlos Hyde,240,938,62.5,15.0,1,8,61,2,1,13.0,11.0,19.0,13.0,32.0,8.0,16.5,74.5,64.0
Jeremy Hill,37,116,21.7,5.3,0,0,13,1,0,86.0,84.0,80.0,70.0,68.5,89.5,91.5,51.0,24.5
Derrick Henry,176,744,64.9,11.0,2,5,75,1,0,24.0,25.0,16.0,35.0,17.0,21.5,4.5,51.0,24.5
Adrian Peterson,156,529,29.6,15.6,2,2,27,3,2,37.0,30.5,72.0,11.0,17.0,53.0,60.0,87.5,87.5
Isaiah Crowell,206,853,71.8,12.9,1,2,59,1,1,19.0,18.0,10.0,23.0,32.0,53.0,19.0,51.0,64.0
Christian McCaffrey,117,435,54.8,7.3,0,2,40,2,1,42.0,39.0,40.0,55.0,68.5,53.0,38.5,74.5,64.0
Theo Riddick,84,286,50.1,5.2,0,3,21,1,1,59.0,51.0,46.0,71.0,68.5,38.0,75.0,51.0,64.0
Jacquizz Rodgers,64,244,36.9,4.0,0,1,36,0,0,68.0,64.0,67.0,79.5,68.5,71.5,43.0,17.5,24.5
Aaron Jones,81,448,67.2,6.8,2,4,46,0,0,41.0,53.0,13.0,57.5,17.0,28.5,32.0,17.5,24.5
Ameer Abdullah,165,552,49.7,11.8,0,4,34,2,1,35.0,29.0,47.5,29.0,68.5,28.5,47.0,74.5,64.0
LeGarrette Blount,173,766,62.0,10.8,1,2,68,1,1,22.0,27.0,21.0,37.0,32.0,53.0,14.0,51.0,64.0
Paul Perkins,41,90,17.1,3.7,0,0,14,0,0,92.0,82.0,92.0,83.5,68.5,89.5,89.0,17.5,24.5
Mike Gillislee,104,383,33.9,11.6,0,5,16,1,1,46.0,46.0,69.0,30.0,68.5,21.5,86.5,51.0,64.0
Alvin Kamara,120,728,104.6,7.5,1,8,74,1,1,25.0,37.5,2.0,53.5,32.0,8.0,7.0,51.0,64.0
Terrance West,39,138,18.0,7.8,0,2,13,1,1,83.0,83.0,88.0,50.5,68.5,53.0,91.5,51.0,64.0
James White,43,171,49.7,3.1,0,0,10,0,0,77.0,80.0,47.5,87.0,68.5,89.5,96.0,17.5,24.5
Giovani Bernard,105,458,57.4,6.6,1,2,25,0,0,40.0,44.5,35.0,60.0,32.0,53.0,66.5,17.5,24.5
Chris Ivory,112,382,37.4,8.0,0,1,34,2,2,47.0,41.0,65.0,49.0,68.5,71.5,47.0,74.5,87.5
Jalen Richard,56,275,61.4,3.5,0,1,52,8,3,60.0,70.0,25.0,85.5,68.5,71.5,25.5,98.0,97.0
Jerick McKinnon,150,570,57.1,9.4,0,3,58,3,2,33.0,34.0,37.0,41.0,68.5,38.0,21.0,87.5,87.5
Matt Breida,105,465,72.6,6.6,0,2,33,1,0,39.0,44.5,8.0,60.0,68.5,53.0,50.5,51.0,24.5
TJ Yeldon,49,253,39.5,4.9,1,2,58,2,1,65.0,72.5,63.0,73.5,32.0,53.0,21.0,74.5,64.0
Rex Burkhead,64,264,37.2,6.4,0,5,31,1,0,62.0,64.0,66.0,63.5,68.5,21.5,53.0,51.0,24.5
CJ Anderson,245,1007,62.4,15.3,2,3,40,1,1,9.0,9.0,20.0,12.0,17.0,38.0,38.5,51.0,64.0
Dion Lewis,180,896,77.1,11.2,2,6,44,0,0,14.0,22.0,7.0,33.5,17.0,16.0,35.5,17.5,24.5
Eddie Lacy,69,179,20.2,7.7,0,0,19,0,0,75.0,60.5,84.0,52.0,68.5,89.5,82.0,17.5,24.5
Chris Johnson,45,114,10.2,11.2,0,0,11,0,0,87.0,78.5,96.0,33.5,68.5,89.5,94.5,17.5,24.5
Damien Williams,46,181,28.4,4.2,0,0,69,0,0,74.0,76.5,75.0,78.0,68.5,89.5,12.0,17.5,24.5
Deandre Washington,57,153,28.9,3.8,0,2,11,2,1,81.0,69.0,73.0,81.5,68.5,53.0,94.5,74.5,64.0
Alfred Blue,71,262,25.7,6.5,1,1,48,0,0,63.0,58.5,77.0,62.0,32.0,71.5,29.5,17.5,24.5
Ty Montgomery,71,273,34.7,8.9,0,3,37,0,0,61.0,58.5,68.0,42.5,68.5,38.0,41.5,17.5,24.5
Jonathan Stewart,198,680,49.0,13.2,2,6,60,3,3,26.0,19.0,50.0,21.0,17.0,16.0,18.0,87.5,97.0
Rob Kelley,62,194,21.3,8.9,0,3,21,0,0,72.0,67.0,81.0,42.5,68.5,38.0,75.0,17.5,24.5
Duke Johnson,82,348,69.8,5.1,0,4,19,4,2,52.0,52.0,12.0,72.0,68.5,28.5,82.0,95.0,87.5
Charles Sims,21,95,53.3,1.3,0,0,21,1,1,90.5,93.5,42.0,98.0,68.5,89.5,75.0,51.0,64.0
Marlon Mack,93,358,57.2,6.6,0,3,35,1,0,50.0,48.0,36.0,60.0,68.5,38.0,44.5,51.0,24.5
Thomas Rawls,58,157,24.1,4.8,0,0,23,1,1,80.0,68.0,79.0,75.0,68.5,89.5,70.5,51.0,64.0
Branden Oliver,35,83,19.3,4.4,0,0,26,0,0,93.0,85.0,87.0,77.0,68.5,89.5,63.0,17.5,24.5
Robert Turbin,23,53,14.6,3.8,0,1,7,0,0,97.0,91.5,93.0,81.5,68.5,71.5,97.0,17.5,24.5
Shane Vereen,45,164,45.3,2.8,0,0,17,0,0,79.0,78.5,54.0,89.0,68.5,89.5,84.5,17.5,24.5
Alfred Morris,115,547,89.2,8.2,1,1,70,0,0,36.0,40.0,4.0,48.0,32.0,71.5,10.0,17.5,24.5
Jamaal Charles,69,296,45.4,4.9,0,1,19,2,2,57.0,60.5,53.0,73.5,68.5,71.5,82.0,74.5,87.5
Samaje Perine,175,603,43.6,10.9,2,1,30,2,2,31.0,26.0,56.0,36.0,17.0,71.5,55.5,74.5,87.5
Mike Davis,68,240,21.1,11.3,0,0,33,0,0,69.0,62.0,82.0,32.0,68.5,89.5,50.5,17.5,24.5
Kerwynn Williams,120,426,44.9,7.5,0,1,25,0,0,43.0,37.5,55.0,53.5,68.5,71.5,66.5,17.5,24.5
Wendell Smallwood,47,174,26.2,5.9,0,1,26,0,0,76.0,74.5,76.0,66.0,68.5,71.5,63.0,17.5,24.5
Charcandrick West,18,72,39.8,1.4,0,2,21,1,0,95.0,97.5,60.5,96.5,68.5,53.0,75.0,51.0,24.5
Javorius Allen,153,591,61.8,9.6,0,4,37,0,0,32.0,32.5,23.0,39.5,68.5,28.5,41.5,17.5,24.5
Orleans Darkwa,171,751,62.8,11.4,2,5,75,1,0,23.0,28.0,17.5,31.0,17.0,21.5,4.5,51.0,24.5
JD McKissic,46,187,42.8,3.5,0,1,30,0,0,73.0,76.5,57.0,85.5,68.5,71.5,55.5,17.5,24.5
Alex Collins,212,973,72.5,14.1,2,6,50,4,2,11.0,15.0,9.0,17.0,17.0,16.0,28.0,95.0,87.5
Kenyan Drake,133,644,53.4,8.3,2,3,66,2,2,28.0,36.0,41.0,47.0,17.0,38.0,15.0,74.5,87.5
Travaris Cadet,23,96,25.4,2.6,0,0,12,0,0,89.0,91.5,78.0,90.0,68.5,89.5,93.0,17.5,24.5
D'Onta Foreman,78,327,39.8,7.8,0,2,39,2,1,53.0,55.0,60.5,50.5,68.5,53.0,40.0,74.5,64.0
James Conner,32,144,61.3,2.3,0,0,23,0,0,82.0,86.0,26.0,91.0,68.5,89.5,70.5,17.5,24.5
Tarik Cohen,87,370,49.5,5.4,0,2,46,3,2,49.0,50.0,49.0,69.0,68.5,53.0,32.0,87.5,87.5
Andre Ellington,20,55,13.5,1.7,0,1,14,0,0,96.0,95.5,94.0,95.0,68.5,71.5,89.0,17.5,24.5
Corey Clement,74,321,58.3,4.6,0,4,28,0,0,54.0,56.5,34.0,76.0,68.5,28.5,58.0,17.5,24.5
Wayne Gallman,111,476,55.4,8.5,0,0,24,3,1,38.0,42.0,39.0,45.0,68.5,89.5,69.0,87.5,64.0
Devontae Booker,79,299,50.6,6.1,0,1,26,1,1,56.0,54.0,44.0,65.0,68.5,71.5,63.0,51.0,64.0
Jamaal Williams,153,556,47.3,9.6,1,4,25,0,0,34.0,32.5,52.0,39.5,32.0,28.5,66.5,17.5,24.5
Elijah McGuire,88,315,42.1,5.5,0,1,69,2,2,55.0,49.0,58.0,68.0,68.5,71.5,12.0,74.5,87.5
Austin Ekeler,47,260,82.3,2.9,0,2,35,2,2,64.0,74.5,5.0,88.0,68.5,53.0,44.5,74.5,87.5
Cameron Artis-Payne,18,95,17.9,1.4,0,1,43,0,0,90.5,97.5,89.0,96.5,68.5,71.5,37.0,17.5,24.5
Kapri Bibbs,21,79,10.6,7.0,0,0,16,0,0,94.0,93.5,95.0,56.0,68.5,89.5,86.5,17.5,24.5
Malcolm Brown,63,246,33.6,5.7,0,1,20,1,0,67.0,66.0,70.0,67.0,68.5,71.5,79.5,51.0,24.5
Terron Ward,30,129,17.8,2.1,0,0,17,1,1,84.0,88.5,90.0,92.0,68.5,89.5,84.5,51.0,64.0
Corey Grant,30,248,98.7,1.9,0,2,58,1,1,66.0,88.5,3.0,93.5,68.5,53.0,21.0,51.0,64.0
Dwayne Washington,20,44,8.9,4.0,0,0,6,0,0,98.0,95.5,97.0,79.5,68.5,89.5,98.0,17.5,24.5
Stevan Ridley,26,108,7.8,13.0,0,1,21,0,0,88.0,90.0,98.0,22.0,68.5,71.5,75.0,17.5,24.5
Chris Carson,49,208,17.7,12.2,0,0,30,0,0,71.0,72.5,91.0,27.0,68.5,89.5,55.5,17.5,24.5
Rod Smith,55,232,39.7,3.7,0,4,45,0,0,70.0,71.0,62.0,83.5,68.5,28.5,34.0,17.5,24.5
Peyton Barber,108,423,30.6,6.8,1,3,34,2,1,44.0,43.0,71.0,57.5,32.0,38.0,47.0,74.5,64.0
Elijhaa Penny,31,124,20.9,1.9,0,2,14,0,0,85.0,87.0,83.0,93.5,68.5,53.0,89.0,17.5,24.5
Tion Green,42,165,19.5,8.4,0,2,33,0,0,78.0,81.0,86.0,46.0,68.5,53.0,50.5,17.5,24.5
