NAME,ATT,YDS,YDS/ATT,ATT/G,100+ YDS,TD,LONG,FUM,FUML,YDS_rank,ATT_rank,YDS/ATT_rank,ATT/G_rank,100+ YDS_rank,TD_rank,LONG_rank,FUM_rank,FUML_rank,salary
Mark Ingram,138,645,4.7,11.5,2,6,38,3,1,28.0,32.0,34.0,28.0,20.5,21.0,34.5,87.5,64.0,4000000
Zach Zenner,55,265,4.8,6.9,0,3,29,0,0,61.0,66.5,29.0,56.0,70.0,44.0,51.5,16.0,23.5,1050000
Kapri Bibbs,21,103,4.9,1.8,0,3,15,1,0,90.0,92.5,23.5,96.0,70.0,44.0,86.0,49.5,23.5,987500
Sony Michel,209,931,4.5,16.1,4,6,34,1,1,15.0,14.0,47.0,10.5,8.5,21.0,42.5,49.5,64.0,2406674
Ronald Jones II,23,44,1.9,2.6,0,1,9,0,0,96.0,91.0,96.0,88.0,70.0,72.0,94.5,16.0,23.5,1767977
Mike Davis,112,514,4.6,7.5,1,4,37,0,0,37.5,44.0,40.5,52.5,34.0,33.5,37.5,16.0,23.5,1350000
Todd Gurley,256,1251,4.9,18.3,6,17,36,1,1,3.0,4.0,23.5,2.0,3.5,1.0,39.5,49.5,64.0,14375000
David Johnson,258,940,3.6,16.1,1,7,53,3,2,13.0,3.0,76.0,10.5,34.0,16.0,18.5,87.5,87.5,13000000
Ezekiel Elliott,304,1435,4.7,20.3,7,6,41,6,2,1.0,1.0,34.0,1.0,1.5,21.0,30.5,95.0,87.5,6239085
Alvin Kamara,194,883,4.6,12.9,1,14,49,1,0,18.0,16.0,40.5,20.0,34.0,2.0,24.5,49.5,23.5,964443
LeSean McCoy,161,514,3.2,11.5,1,3,28,0,0,37.5,24.0,87.5,28.0,34.0,44.0,55.0,16.0,23.5,8000000
Christian McCaffrey,219,1098,5.0,13.7,4,7,59,4,1,6.0,10.0,19.0,18.0,8.5,16.0,16.0,93.0,64.0,4310326
Dion Lewis,155,517,3.3,9.7,0,1,36,1,1,36.0,26.0,83.5,42.0,70.0,72.0,39.5,49.5,64.0,4950000
Leonard Fournette,133,439,3.3,16.6,0,5,25,0,0,43.0,35.0,83.5,5.0,70.0,27.0,61.0,16.0,23.5,6787711
Melvin Gordon,175,885,5.1,14.6,3,10,34,1,0,17.0,20.0,16.5,16.5,14.0,6.0,42.5,49.5,23.5,2667443
Dalvin Cook,133,615,4.6,12.1,1,2,70,2,2,30.0,35.0,40.5,24.0,34.0,57.5,9.0,75.5,87.5,1588334
Derrick Henry,215,1059,4.9,13.4,2,12,99,1,1,7.0,11.5,23.5,19.0,20.5,3.5,1.0,49.5,64.0,1351982
Marshawn Lynch,90,376,4.2,15.0,1,3,52,0,0,52.0,51.5,54.5,14.5,34.0,44.0,20.5,16.0,23.5,4500000
Theo Riddick,40,171,4.3,2.9,0,0,19,0,0,81.0,79.5,51.0,85.0,70.0,88.5,75.0,16.0,23.5,3850000
Lamar Miller,210,973,4.6,15.0,4,5,97,1,1,11.5,13.0,40.5,14.5,8.5,27.0,2.0,49.5,64.0,6500000
James White,94,425,4.5,5.9,0,5,27,0,0,45.0,49.0,47.0,63.0,70.0,27.0,57.5,16.0,23.5,4000000
Darren Sproles,29,120,4.1,4.8,0,1,17,0,0,85.0,87.5,59.0,67.0,70.0,72.0,81.0,16.0,23.5,1400000
LeGarrette Blount,154,418,2.7,9.6,0,5,27,2,1,47.0,27.0,94.0,43.0,70.0,27.0,57.5,75.5,64.0,2000000
Carlos Hyde,172,571,3.3,12.3,0,5,22,2,1,32.0,21.5,83.5,23.0,70.0,27.0,66.0,75.5,64.0,5083333
Latavius Murray,140,578,4.1,8.8,1,6,38,0,0,31.0,31.0,59.0,48.5,34.0,21.0,34.5,16.0,23.5,5000000
Joe Mixon,237,1168,4.9,16.9,4,8,51,0,0,4.0,8.0,23.5,4.0,8.5,12.0,22.5,16.0,23.5,1362544
Giovani Bernard,56,211,3.8,4.7,0,3,23,0,0,70.0,64.5,68.0,68.5,70.0,44.0,64.5,16.0,23.5,5166667
Duke Johnson,40,201,5.0,2.5,0,0,23,1,0,73.0,79.5,19.0,89.0,70.0,88.5,64.5,49.5,23.5,5203333
Chris Thompson,43,178,4.1,4.3,0,0,16,1,0,79.0,75.5,59.0,71.0,70.0,88.5,83.5,49.5,23.5,3503400
Bilal Powell,80,343,4.3,11.4,0,0,38,2,1,54.0,56.0,51.0,30.5,70.0,88.5,34.5,75.5,64.0,3750000
Saquon Barkley,261,1307,5.0,16.3,7,11,78,0,0,2.0,2.0,19.0,8.0,1.5,5.0,5.0,16.0,23.5,7798688
Jacquizz Rodgers,33,106,3.2,2.1,0,1,20,1,1,89.0,85.0,87.5,93.5,70.0,72.0,71.0,49.5,64.0,1650000
Spencer Ware,51,246,4.8,3.9,0,2,34,0,0,68.0,69.5,29.0,73.0,70.0,57.5,42.5,16.0,23.5,1800000
Adrian Peterson,251,1042,4.2,15.7,3,7,90,3,2,8.0,5.0,54.5,12.0,14.0,16.0,4.0,87.5,87.5,1015000
Rex Burkhead,57,186,3.3,7.1,0,0,12,2,1,76.0,63.0,83.5,55.0,70.0,88.5,90.5,75.5,64.0,3250000
Chris Ivory,115,385,3.3,8.8,0,1,21,1,0,51.0,42.0,83.5,48.5,70.0,72.0,67.5,49.5,23.5,2750000
Rashaad Penny,85,419,4.9,6.1,1,2,38,0,0,46.0,54.5,23.5,61.5,34.0,57.5,34.5,16.0,23.5,2691360
Damien Williams,50,256,5.1,3.8,1,4,25,1,1,65.5,71.5,16.5,75.5,34.0,33.5,61.0,49.5,64.0,2550000
Doug Martin,172,723,4.2,10.8,2,4,29,3,3,24.0,21.5,54.5,38.0,20.5,33.5,51.5,87.5,95.0,1475000
Isaiah Crowell,143,685,4.8,11.0,2,6,77,0,0,27.0,30.0,29.0,35.5,20.5,21.0,6.0,16.0,23.5,4000000
Frank Gore,156,722,4.6,11.1,1,0,39,1,0,25.0,25.0,40.5,33.5,34.0,88.5,32.0,49.5,23.5,1105000
Nick Chubb,192,996,5.2,12.0,4,8,92,0,0,10.0,17.5,14.0,25.0,8.5,12.0,3.0,16.0,23.5,1845774
Royce Freeman,130,521,4.0,9.3,0,5,24,1,1,35.0,37.0,63.0,45.0,70.0,27.0,63.0,49.5,64.0,985005
Kerryon Johnson,118,641,5.4,11.8,2,3,71,1,1,29.0,41.0,9.0,26.0,20.5,44.0,8.0,49.5,64.0,1625923
