NAME,ATT,YDS,YDS/ATT,ATT/G,100+ YDS,TD,LONG,FUM,FUML,YDS_rank,ATT_rank,YDS/ATT_rank,ATT/G_rank,100+ YDS_rank,TD_rank,LONG_rank,FUM_rank,FUML_rank
Jeffery Wilson,66,266,4.0,11.0,0,0,18,3,2,60.0,59.0,63.0,35.5,70.0,88.5,78.0,87.5,87.5
Kenjon Barner,19,71,3.7,2.1,0,0,11,1,0,94.0,95.5,72.5,93.5,70.0,88.5,92.5,49.5,23.5
Mark Ingram,138,645,4.7,11.5,2,6,38,3,1,28.0,32.0,34.0,28.0,20.5,21.0,34.5,87.5,64.0
Gus Edwards,137,718,5.2,12.5,3,2,43,0,0,26.0,33.0,14.0,22.0,14.0,57.5,28.0,16.0,23.5
Dwayne Washington,27,154,5.7,4.5,1,0,28,0,0,83.0,89.5,4.0,70.0,34.0,88.5,55.0,16.0,23.5
Cameron Artis-Payne,19,69,3.6,2.1,0,1,15,0,0,95.0,95.5,76.0,93.5,70.0,72.0,86.0,16.0,23.5
Kalen Ballage,36,191,5.3,3.0,1,1,75,1,1,74.0,82.0,11.5,82.5,34.0,72.0,7.0,49.5,64.0
Brian Hill,20,157,7.8,2.2,1,0,60,1,1,82.0,94.0,1.0,91.0,34.0,88.5,15.0,49.5,64.0
Justin Jackson,50,206,4.1,5.6,0,2,20,0,0,72.0,71.5,59.0,64.0,70.0,57.5,71.0,16.0,23.5
Zach Zenner,55,265,4.8,6.9,0,3,29,0,0,61.0,66.5,29.0,56.0,70.0,44.0,51.5,16.0,23.5
Aaron Jones,133,729,5.5,11.1,1,8,67,1,1,23.0,35.0,6.5,33.5,34.0,12.0,10.0,49.5,64.0
Josh Adams,120,511,4.3,9.2,0,3,29,1,1,39.0,39.5,51.0,46.5,70.0,44.0,51.5,49.5,64.0
Keith Ford,21,79,3.8,10.5,0,0,11,0,0,92.0,92.5,68.0,39.0,70.0,88.5,92.5,16.0,23.5
Kapri Bibbs,21,103,4.9,1.8,0,3,15,1,0,90.0,92.5,23.5,96.0,70.0,44.0,86.0,49.5,23.5
Sony Michel,209,931,4.5,16.1,4,6,34,1,1,15.0,14.0,47.0,10.5,8.5,21.0,42.5,49.5,64.0
Ronald Jones II,23,44,1.9,2.6,0,1,9,0,0,96.0,91.0,96.0,88.0,70.0,72.0,94.5,16.0,23.5
Marlon Mack,195,908,4.7,16.2,4,9,49,2,2,16.0,15.0,34.0,9.0,8.5,8.5,24.5,75.5,87.5
Elijah McGuire,92,276,3.0,11.5,0,3,34,2,2,59.0,50.0,89.5,28.0,70.0,44.0,42.5,75.5,87.5
Mike Davis,112,514,4.6,7.5,1,4,37,0,0,37.5,44.0,40.5,52.5,34.0,33.5,37.5,16.0,23.5
Todd Gurley,256,1251,4.9,18.3,6,17,36,1,1,3.0,4.0,23.5,2.0,3.5,1.0,39.5,49.5,64.0
Kareem Hunt,181,824,4.6,16.5,1,7,45,0,0,20.0,19.0,40.5,6.5,34.0,16.0,27.0,16.0,23.5
David Johnson,258,940,3.6,16.1,1,7,53,3,2,13.0,3.0,76.0,10.5,34.0,16.0,18.5,87.5,87.5
Ezekiel Elliott,304,1435,4.7,20.3,7,6,41,6,2,1.0,1.0,34.0,1.0,1.5,21.0,30.5,95.0,87.5
Alvin Kamara,194,883,4.6,12.9,1,14,49,1,0,18.0,16.0,40.5,20.0,34.0,2.0,24.5,49.5,23.5
LeSean McCoy,161,514,3.2,11.5,1,3,28,0,0,37.5,24.0,87.5,28.0,34.0,44.0,55.0,16.0,23.5
Christian McCaffrey,219,1098,5.0,13.7,4,7,59,4,1,6.0,10.0,19.0,18.0,8.5,16.0,16.0,93.0,64.0
Jay Ajayi,45,184,4.1,11.2,0,3,20,1,1,77.0,73.0,59.0,32.0,70.0,44.0,71.0,49.5,64.0
Dion Lewis,155,517,3.3,9.7,0,1,36,1,1,36.0,26.0,83.5,42.0,70.0,72.0,39.5,49.5,64.0
Leonard Fournette,133,439,3.3,16.6,0,5,25,0,0,43.0,35.0,83.5,5.0,70.0,27.0,61.0,16.0,23.5
Melvin Gordon,175,885,5.1,14.6,3,10,34,1,0,17.0,20.0,16.5,16.5,14.0,6.0,42.5,49.5,23.5
Jordan Howard,250,935,3.7,15.6,2,9,42,1,1,14.0,6.0,72.5,13.0,20.5,8.5,29.0,49.5,64.0
Dalvin Cook,133,615,4.6,12.1,1,2,70,2,2,30.0,35.0,40.5,24.0,34.0,57.5,9.0,75.5,87.5
Derrick Henry,215,1059,4.9,13.4,2,12,99,1,1,7.0,11.5,23.5,19.0,20.5,3.5,1.0,49.5,64.0
Marshawn Lynch,90,376,4.2,15.0,1,3,52,0,0,52.0,51.5,54.5,14.5,34.0,44.0,20.5,16.0,23.5
Tevin Coleman,167,800,4.8,10.4,2,4,65,2,0,22.0,23.0,29.0,40.0,20.5,33.5,12.5,75.5,23.5
Theo Riddick,40,171,4.3,2.9,0,0,19,0,0,81.0,79.5,51.0,85.0,70.0,88.5,75.0,16.0,23.5
Lamar Miller,210,973,4.6,15.0,4,5,97,1,1,11.5,13.0,40.5,14.5,8.5,27.0,2.0,49.5,64.0
James White,94,425,4.5,5.9,0,5,27,0,0,45.0,49.0,47.0,63.0,70.0,27.0,57.5,16.0,23.5
Tarik Cohen,99,441,4.5,6.2,0,3,32,7,3,42.0,48.0,47.0,59.5,70.0,44.0,45.5,96.0,95.0
Darren Sproles,29,120,4.1,4.8,0,1,17,0,0,85.0,87.5,59.0,67.0,70.0,72.0,81.0,16.0,23.5
LeGarrette Blount,154,418,2.7,9.6,0,5,27,2,1,47.0,27.0,94.0,43.0,70.0,27.0,57.5,75.5,64.0
Carlos Hyde,172,571,3.3,12.3,0,5,22,2,1,32.0,21.5,83.5,23.0,70.0,27.0,66.0,75.5,64.0
Latavius Murray,140,578,4.1,8.8,1,6,38,0,0,31.0,31.0,59.0,48.5,34.0,21.0,34.5,16.0,23.5
Kenyan Drake,120,535,4.5,7.5,0,4,54,2,1,34.0,39.5,47.0,52.5,70.0,33.5,17.0,75.5,64.0
Joe Mixon,237,1168,4.9,16.9,4,8,51,0,0,4.0,8.0,23.5,4.0,8.5,12.0,22.5,16.0,23.5
Giovani Bernard,56,211,3.8,4.7,0,3,23,0,0,70.0,64.5,68.0,68.5,70.0,44.0,64.5,16.0,23.5
Austin Ekeler,106,554,5.2,7.6,0,3,41,1,1,33.0,46.0,14.0,50.5,70.0,44.0,30.5,49.5,64.0
Duke Johnson,40,201,5.0,2.5,0,0,23,1,0,73.0,79.5,19.0,89.0,70.0,88.5,64.5,49.5,23.5
Chris Thompson,43,178,4.1,4.3,0,0,16,1,0,79.0,75.5,59.0,71.0,70.0,88.5,83.5,49.5,23.5
Ty Montgomery,41,188,4.6,3.2,0,1,16,2,1,75.0,77.5,40.5,81.0,70.0,72.0,83.5,75.5,64.0
Bilal Powell,80,343,4.3,11.4,0,0,38,2,1,54.0,56.0,51.0,30.5,70.0,88.5,34.5,75.5,64.0
Saquon Barkley,261,1307,5.0,16.3,7,11,78,0,0,2.0,2.0,19.0,8.0,1.5,5.0,5.0,16.0,23.5
Jacquizz Rodgers,33,106,3.2,2.1,0,1,20,1,1,89.0,85.0,87.5,93.5,70.0,72.0,71.0,49.5,64.0
Spencer Ware,51,246,4.8,3.9,0,2,34,0,0,68.0,69.5,29.0,73.0,70.0,57.5,42.5,16.0,23.5
Adrian Peterson,251,1042,4.2,15.7,3,7,90,3,2,8.0,5.0,54.5,12.0,14.0,16.0,4.0,87.5,87.5
Rex Burkhead,57,186,3.3,7.1,0,0,12,2,1,76.0,63.0,83.5,55.0,70.0,88.5,90.5,75.5,64.0
Alex Collins,114,411,3.6,11.4,0,7,19,3,3,49.0,43.0,76.0,30.5,70.0,16.0,75.0,87.5,95.0
CJ Anderson,67,403,6.0,6.1,2,2,46,0,0,50.0,58.0,3.0,61.5,20.5,57.5,26.0,16.0,23.5
Chris Ivory,115,385,3.3,8.8,0,1,21,1,0,51.0,42.0,83.5,48.5,70.0,72.0,67.5,49.5,23.5
Rashaad Penny,85,419,4.9,6.1,1,2,38,0,0,46.0,54.5,23.5,61.5,34.0,57.5,34.5,16.0,23.5
Corey Clement,68,259,3.8,6.2,0,2,32,4,0,63.5,57.0,68.0,59.5,70.0,57.5,45.5,93.0,23.5
Damien Williams,50,256,5.1,3.8,1,4,25,1,1,65.5,71.5,16.5,75.5,34.0,33.5,61.0,49.5,64.0
Doug Martin,172,723,4.2,10.8,2,4,29,3,3,24.0,21.5,54.5,38.0,20.5,33.5,51.5,87.5,95.0
Isaiah Crowell,143,685,4.8,11.0,2,6,77,0,0,27.0,30.0,29.0,35.5,20.5,21.0,6.0,16.0,23.5
Chris Carson,247,1151,4.7,17.6,6,9,61,3,2,5.0,7.0,34.0,3.0,3.5,8.5,14.0,87.5,87.5
Matt Breida,153,814,5.3,10.9,3,3,66,1,1,21.0,28.0,11.5,37.0,14.0,44.0,11.0,49.5,64.0
Jamaal Williams,121,464,3.8,7.6,0,3,20,0,0,41.0,38.0,68.0,50.5,70.0,44.0,71.0,16.0,23.5
TJ Yeldon,104,414,4.0,7.4,0,1,20,1,1,48.0,47.0,63.0,54.0,70.0,72.0,71.0,49.5,64.0
Alfred Blue,150,499,3.3,9.4,0,2,17,0,0,40.0,29.0,83.5,44.0,70.0,57.5,81.0,16.0,23.5
Wayne Gallman,51,176,3.5,3.4,0,1,9,2,1,80.0,69.5,79.0,79.5,70.0,72.0,94.5,75.5,64.0
Jalen Richard,55,259,4.7,3.4,0,1,30,3,2,63.5,66.5,34.0,79.5,70.0,72.0,48.0,87.5,87.5
Nyheim Hines,85,314,3.7,5.3,0,2,18,1,0,58.0,54.5,72.5,66.0,70.0,57.5,78.0,49.5,23.5
Kenneth Dixon,60,333,5.5,10.0,1,2,37,2,1,56.0,61.0,6.5,41.0,34.0,57.5,37.5,75.5,64.0
Devontae Booker,34,183,5.4,2.1,0,1,26,1,1,78.0,83.5,9.0,93.5,70.0,72.0,59.0,49.5,64.0
Alfred Morris,111,428,3.9,9.2,1,2,51,2,1,44.0,45.0,65.0,46.5,34.0,57.5,22.5,75.5,64.0
Frank Gore,156,722,4.6,11.1,1,0,39,1,0,25.0,25.0,40.5,33.5,34.0,88.5,32.0,49.5,23.5
Wendell Smallwood,87,364,4.2,5.4,0,3,15,2,1,53.0,53.0,54.5,65.0,70.0,44.0,86.0,75.5,64.0
Nick Chubb,192,996,5.2,12.0,4,8,92,0,0,10.0,17.5,14.0,25.0,8.5,12.0,3.0,16.0,23.5
Javorius Allen,41,110,2.7,2.9,0,3,17,1,1,88.0,77.5,94.0,85.0,70.0,44.0,81.0,49.5,64.0
Deandre Washington,30,115,3.8,3.0,0,0,13,1,1,86.0,86.0,68.0,82.5,70.0,88.5,89.0,49.5,64.0
Royce Freeman,130,521,4.0,9.3,0,5,24,1,1,35.0,37.0,63.0,45.0,70.0,27.0,63.0,49.5,64.0
James Conner,215,973,4.5,16.5,5,12,30,4,2,11.5,11.5,47.0,6.5,5.0,3.5,48.0,93.0,87.5
Kerryon Johnson,118,641,5.4,11.8,2,3,71,1,1,29.0,41.0,9.0,26.0,20.5,44.0,8.0,49.5,64.0
Phillip Lindsay,192,1037,5.4,12.8,3,9,65,0,0,9.0,17.5,9.0,21.0,14.0,8.5,12.5,16.0,23.5
Jordan Wilkins,60,336,5.6,3.8,0,1,53,2,2,55.0,61.0,5.0,75.5,70.0,72.0,18.5,75.5,87.5
Malcolm Brown,43,212,4.9,3.6,0,0,19,0,0,69.0,75.5,23.5,78.0,70.0,88.5,75.0,16.0,23.5
Trenton Cannon,38,113,3.0,2.4,0,1,21,0,0,87.0,81.0,89.5,90.0,70.0,72.0,67.5,16.0,23.5
Marcus Murphy,52,250,4.8,4.7,0,0,30,1,0,67.0,68.0,29.0,68.5,70.0,88.5,48.0,49.5,23.5
John Kelly,27,74,2.7,6.8,0,0,7,0,0,93.0,89.5,94.0,57.0,70.0,88.5,96.0,16.0,23.5
Stevan Ridley,29,80,2.8,2.9,0,1,12,2,2,91.0,87.5,92.0,85.0,70.0,72.0,90.5,75.5,87.5
Chase Edmonds,60,208,3.5,3.8,0,2,29,1,0,71.0,61.0,79.0,75.5,70.0,57.5,51.5,49.5,23.5
Rod Smith,44,127,2.9,2.8,0,1,14,0,0,84.0,74.0,91.0,87.0,70.0,72.0,88.0,16.0,23.5
Jaylen Samuels,56,256,4.6,4.0,1,0,25,1,0,65.5,64.5,40.5,72.0,34.0,88.5,61.0,49.5,23.5
Ito Smith,90,315,3.5,6.4,0,4,18,1,0,57.0,51.5,79.0,58.0,70.0,33.5,78.0,49.5,23.5
Raheem Mostert,34,261,7.7,3.8,0,1,52,1,1,62.0,83.5,2.0,75.5,70.0,72.0,20.5,49.5,64.0
Peyton Barber,234,871,3.7,14.6,1,5,28,1,1,19.0,9.0,72.5,16.5,34.0,27.0,55.0,49.5,64.0
