NAME,ATT,YDS,YDS/ATT,ATT/G,100+ YDS,TD,LONG,FUM,FUML,YDS_rank,ATT_rank,YDS/ATT_rank,ATT/G_rank,100+ YDS_rank,TD_rank,LONG_rank,FUM_rank,FUML_rank,salary
Trey Edmunds,22,92,4.2,2.0,0,0,45,0,0,89.0,90.5,47.0,93.5,68.5,86.0,26.5,18.0,22.5,690000
Tra Carson,18,48,2.7,6.0,0,0,12,0,0,97.0,93.5,94.0,54.0,68.5,86.0,92.0,18.0,22.5,685000
Ezekiel Elliott,301,1357,4.5,18.8,7,12,33,3,2,4.0,2.0,33.5,2.0,1.5,5.5,45.5,84.5,86.5,15000000
Todd Gurley,217,835,3.8,15.5,0,12,25,3,2,19.0,17.5,65.5,13.0,68.5,5.5,60.0,84.5,86.5,14375000
Saquon Barkley,217,1003,4.6,16.7,4,6,68,1,0,14.0,17.5,28.5,11.0,9.5,20.0,9.0,52.0,22.5,7798688
Le'Veon Bell,246,789,3.2,16.4,0,3,19,1,1,23.0,11.0,86.0,12.0,68.5,41.5,71.0,52.0,62.0,13125000
Christian McCaffrey,287,1387,4.8,17.9,6,15,84,1,0,3.0,4.0,22.0,6.5,4.0,3.0,3.0,52.0,22.5,4310326
David Johnson,94,345,3.7,7.2,0,2,18,1,1,50.0,46.0,73.5,49.0,68.5,55.0,74.5,52.0,62.0,13000000
Devonta Freeman,184,656,3.6,13.1,0,2,28,3,2,27.5,21.0,79.5,24.0,68.5,55.0,52.5,84.5,86.5,8250000
Alvin Kamara,171,797,4.7,12.2,0,5,40,4,1,22.0,24.0,25.0,26.0,68.5,27.0,36.0,92.5,62.0,964443
Dalvin Cook,250,1135,4.5,17.9,5,13,75,4,2,9.0,8.0,33.5,6.5,7.0,4.0,7.0,92.5,86.5,1588334
Joe Mixon,278,1137,4.1,17.4,4,5,41,0,0,8.0,5.5,50.5,10.0,9.5,27.0,31.5,18.0,22.5,1362544
Mark Ingram,187,907,4.9,13.4,3,9,53,2,2,16.0,20.0,18.0,23.0,13.0,7.0,21.0,74.0,86.5,5000000
Dion Lewis,54,209,3.9,3.4,0,0,17,1,1,64.0,63.0,58.5,75.5,68.5,86.0,80.0,52.0,62.0,4950000
Adrian Peterson,211,898,4.3,14.1,2,5,32,3,2,17.0,19.0,42.5,19.5,20.0,27.0,47.5,84.5,86.5,2515000
James Conner,116,464,4.0,11.6,1,4,25,1,1,40.0,38.0,53.5,29.0,32.0,33.0,60.0,52.0,62.0,790381
Nick Chubb,298,1494,5.0,18.6,7,8,88,3,3,2.0,3.0,15.0,3.5,1.5,10.0,2.0,84.5,95.0,1845774
Marlon Mack,247,1091,4.4,17.6,3,8,63,0,0,10.0,9.5,38.0,9.0,13.0,10.0,11.5,18.0,22.5,704912
James White,67,263,3.9,4.5,0,1,32,1,1,57.0,53.0,58.5,66.5,68.5,68.5,47.5,52.0,62.0,4000000
Tarik Cohen,64,213,3.3,4.0,0,0,19,3,0,63.0,57.0,84.0,72.0,68.5,86.0,71.0,84.5,22.5,758915
Tevin Coleman,137,544,4.0,9.8,1,6,48,0,0,34.0,31.5,53.5,35.0,32.0,20.0,24.5,18.0,22.5,4250000
Sony Michel,247,912,3.7,15.4,0,7,26,2,1,15.0,9.5,73.5,14.0,68.5,14.5,56.5,74.0,62.0,2406674
Latavius Murray,146,637,4.4,9.1,2,5,30,0,0,29.0,30.0,38.0,38.0,20.0,27.0,49.5,18.0,22.5,3600000
Duke Johnson,83,410,4.9,5.2,0,2,40,1,1,45.0,49.0,18.0,60.5,68.5,55.0,36.0,52.0,62.0,5203333
Rashaad Penny,65,370,5.7,6.5,1,3,58,1,1,49.0,55.5,5.0,51.5,32.0,41.5,16.5,52.0,62.0,2691360
Giovani Bernard,53,170,3.2,3.3,0,0,25,2,1,72.0,64.5,86.0,77.5,68.5,86.0,60.0,74.0,62.0,4850000
Leonard Fournette,265,1152,4.3,17.7,3,3,81,1,1,6.0,7.0,42.5,8.0,13.0,41.5,5.0,52.0,62.0,6787711
Kerryon Johnson,113,403,3.6,14.1,1,3,20,1,1,46.0,39.0,79.5,19.5,32.0,41.5,68.5,52.0,62.0,1625923
Damien Williams,111,498,4.5,10.1,2,5,91,1,1,36.0,40.0,33.5,33.0,20.0,27.0,1.0,52.0,62.0,2550000
Nyheim Hines,52,199,3.8,3.2,0,2,18,1,1,68.0,66.0,65.5,79.5,68.5,55.0,74.5,52.0,62.0,796137
Rex Burkhead,65,302,4.6,5.0,0,3,33,1,1,54.0,55.5,28.5,63.0,68.5,41.5,45.5,52.0,62.0,3250000
Royce Freeman,132,496,3.8,8.2,0,3,26,0,0,37.0,33.5,65.5,42.5,68.5,41.5,56.5,18.0,22.5,985005
Jamaal Williams,107,460,4.3,7.6,1,1,45,0,0,42.0,43.0,42.5,47.5,32.0,68.5,26.5,18.0,22.5,741498
Ronald Jones II,172,724,4.2,10.8,1,6,49,3,2,26.0,23.0,47.0,31.0,32.0,20.0,23.0,84.5,86.5,1767977
Benny Snell Jr.,108,426,3.9,8.3,0,2,23,1,1,44.0,41.5,58.5,41.0,68.5,55.0,64.0,52.0,62.0,805517
Derrius Guice,42,245,5.8,8.4,1,2,60,0,0,59.5,72.0,4.0,40.0,32.0,55.0,13.0,18.0,22.5,1135483
Ito Smith,22,106,4.8,3.1,0,1,28,0,0,86.0,90.5,22.0,82.0,68.5,68.5,52.5,18.0,22.5,770219
Qadree Ollison,22,50,2.3,2.8,0,4,6,1,0,96.0,90.5,96.0,86.0,68.5,33.0,96.5,52.0,22.5,707891
Chase Edmonds,60,303,5.0,4.6,1,4,37,0,0,53.0,61.0,15.0,65.0,32.0,33.0,41.0,18.0,22.5,728090
Tony Pollard,86,455,5.3,5.7,2,2,44,1,1,43.0,48.0,10.0,55.5,20.0,55.0,28.5,52.0,62.0,796945
Miles Sanders,179,818,4.6,11.2,1,3,65,2,1,20.0,22.0,28.5,30.0,32.0,41.5,10.0,74.0,62.0,1337544
Devin Singletary,151,775,5.1,12.6,1,2,38,4,1,24.0,29.0,12.0,25.0,32.0,55.0,40.0,92.5,62.0,974500
David Montgomery,242,889,3.7,15.1,2,6,55,2,2,18.0,13.5,73.5,16.0,20.0,20.0,19.5,74.0,86.5,1003845
Raheem Mostert,137,772,5.6,8.6,1,8,41,2,2,25.0,31.5,6.5,39.0,32.0,10.0,31.5,74.0,86.5,2900000
Darrell Henderson,39,147,3.8,3.2,0,0,22,0,0,74.0,74.5,65.5,79.5,68.5,86.0,65.5,18.0,22.5,1053001
Josh Jacobs,242,1150,4.8,18.6,5,7,51,1,1,7.0,13.5,22.0,3.5,7.0,14.5,22.0,52.0,62.0,2983350
Jalen Richard,39,145,3.7,2.4,0,0,13,2,0,75.0,74.5,73.5,90.5,68.5,86.0,89.5,74.0,22.5,3500000
Malcolm Brown,68,255,3.8,5.2,0,5,17,0,0,58.0,52.0,65.5,60.5,68.5,27.0,80.0,18.0,22.5,1650000
Kalen Ballage,74,135,1.8,6.2,0,3,8,0,0,78.0,51.0,97.0,53.0,68.5,41.5,95.0,18.0,22.5,762295
Wayne Gallman,29,110,3.8,2.9,0,2,22,1,1,84.0,83.5,65.5,84.0,68.5,55.0,65.5,52.0,62.0,704912
Ryquell Armstead,35,108,3.1,2.2,0,0,16,0,0,85.0,80.0,89.0,92.0,68.5,86.0,85.0,18.0,22.5,716439
Justice Hill,50,198,4.0,3.3,0,2,18,0,0,69.0,68.0,53.5,77.5,68.5,55.0,74.5,18.0,22.5,815414
Alexander Mattison,100,462,4.6,7.7,0,1,35,1,1,41.0,45.0,28.5,46.0,68.5,68.5,43.5,52.0,62.0,867793
Jaylen Samuels,66,175,2.7,4.7,0,1,13,1,1,71.0,54.0,94.0,64.0,68.5,68.5,89.5,52.0,62.0,679517
