NAME,TGT,REC,TGT/G,YDS,100+ YDS,YDS/REC,TD,LONG,FUM,FUML,YDS_rank,TGT_rank,REC_rank,TGT/G_rank,100+ YDS_rank,YDS/REC_rank,TD_rank,LONG_rank,FUM_rank,FUML_rank,overall
Jacob Hollister,59,41,5.4,349,0,8.5,3,22,0,0,28.5,19.5,17.0,13.0,39.5,54.5,25.5,56.5,21.5,27.0,30.25
Benjamin Watson,24,17,2.4,173,0,10.2,0,26,0,0,47.5,50.0,45.5,46.0,39.5,37.5,61.5,44.5,21.5,27.0,42.05
Travis Kelce,136,97,8.5,1229,2,12.7,5,47,1,1,1.0,1.0,1.0,2.5,6.0,10.5,10.0,15.5,52.0,58.5,15.8
Delanie Walker,31,21,4.4,215,0,10.2,2,29,1,0,43.0,40.5,41.5,23.0,39.5,37.5,38.5,39.0,52.0,27.0,38.15
George Kittle,107,85,7.6,1053,3,12.4,5,61,1,0,3.0,4.0,4.0,4.0,3.0,13.0,10.0,5.0,52.0,27.0,12.5
Zach Ertz,135,88,9.0,916,1,10.4,6,30,1,1,4.0,2.0,3.0,1.0,11.5,35.0,5.0,36.5,52.0,58.5,20.85
Tyler Eifert,63,43,3.9,436,0,10.1,3,27,0,0,20.0,17.0,15.0,27.0,39.5,39.5,25.5,43.0,21.5,27.0,27.5
Jared Cook,65,43,4.6,705,0,16.4,9,61,0,0,8.0,15.5,15.0,20.0,39.5,1.5,2.0,5.0,21.5,27.0,15.5
Hunter Henry,76,55,6.3,652,1,11.9,5,30,1,1,9.0,12.0,10.0,8.0,11.5,16.0,10.0,36.5,52.0,58.5,22.35
Greg Olsen,82,52,5.9,597,1,11.5,2,41,0,0,11.0,11.0,11.0,9.5,11.5,22.5,38.5,19.0,21.5,27.0,18.25
Austin Hooper,97,75,7.5,787,2,10.5,6,35,0,0,6.0,5.0,5.0,5.0,6.0,32.0,5.0,26.0,21.5,27.0,13.85
Kyle Rudolph,48,39,3.0,367,0,9.4,6,32,0,0,25.5,28.5,19.0,35.5,39.5,44.5,5.0,33.5,21.5,27.0,27.95
Jack Doyle,72,43,4.5,448,0,10.4,4,23,1,0,17.0,13.0,15.0,21.5,39.5,35.0,16.0,53.0,52.0,27.0,28.9
Trey Burton,25,14,3.1,84,0,6.0,0,16,0,0,63.0,48.0,56.0,34.0,39.5,63.0,61.5,63.0,21.5,27.0,47.65
Eric Ebron,52,31,4.7,375,0,12.1,3,48,0,0,24.0,26.0,32.0,18.5,39.5,15.0,25.5,13.0,21.5,27.0,24.2
Vance McDonald,55,38,3.9,273,0,7.2,3,22,1,0,35.0,23.5,20.5,27.0,39.5,61.0,25.5,56.5,52.0,27.0,36.75
Jason Witten,83,63,5.2,529,0,8.4,4,33,1,1,14.0,9.5,7.0,14.0,39.5,56.5,16.0,30.5,52.0,58.5,29.75
OJ Howard,54,34,3.9,459,0,13.5,1,33,1,1,16.0,25.0,28.0,27.0,39.5,6.5,51.5,30.5,52.0,58.5,33.45
Jimmy Graham,61,38,3.8,447,0,11.8,3,48,1,0,18.0,18.0,20.5,29.0,39.5,17.5,25.5,13.0,52.0,27.0,26.0
Evan Engram,68,44,8.5,467,2,10.6,3,75,0,0,15.0,14.0,13.0,2.5,6.0,30.0,25.5,2.0,21.5,27.0,15.65
Charles Clay,24,18,1.6,237,0,13.2,1,47,0,0,40.0,50.0,43.5,55.5,39.5,8.0,51.5,15.5,21.5,27.0,35.2
Dallas Goedert,87,58,5.8,607,0,10.5,5,28,2,2,10.0,8.0,9.0,11.0,39.5,32.0,10.0,41.5,63.0,64.0,28.8
Tyler Higbee,83,64,5.9,714,4,11.2,3,33,0,0,7.0,9.5,6.0,9.5,2.0,25.5,25.5,30.5,21.5,27.0,16.4
Vernon Davis,19,10,4.8,123,0,12.3,1,48,0,0,58.0,59.5,64.0,16.5,39.5,14.0,51.5,13.0,21.5,27.0,36.45
Cameron Brate,56,36,3.5,311,0,8.6,4,37,0,0,33.5,22.0,23.0,30.0,39.5,52.0,16.0,23.0,21.5,27.0,28.75
Hayden Hurst,38,30,2.5,349,0,11.6,2,61,0,0,28.5,38.0,34.5,44.0,39.5,20.5,38.5,5.0,21.5,27.0,29.7
CJ Uzomah,40,27,2.5,242,0,9.0,2,36,0,0,38.0,36.5,37.0,44.0,39.5,48.5,38.5,24.0,21.5,27.0,35.45
Gerald Everett,58,35,4.8,385,1,11.0,2,33,0,0,23.0,21.0,25.5,16.5,11.5,27.0,38.5,30.5,21.5,27.0,24.2
Mark Andrews,95,62,6.8,807,2,13.0,10,51,2,1,5.0,6.0,8.0,7.0,6.0,9.0,1.0,10.0,63.0,58.5,17.35
Jesse James,27,16,1.7,142,0,8.9,0,23,0,0,54.0,45.0,48.0,52.5,39.5,50.0,61.5,53.0,21.5,27.0,45.2
Marcedes Lewis,19,15,1.2,156,0,10.4,1,25,0,0,51.0,59.5,51.5,63.0,39.5,35.0,51.5,47.0,21.5,27.0,44.65
James O'Shaughnessy,20,14,4.0,153,0,10.9,2,35,0,0,52.0,55.5,56.0,25.0,39.5,28.0,38.5,26.0,21.5,27.0,36.9
Maxx Williams,19,15,1.2,202,0,13.5,1,28,0,0,45.0,59.5,51.5,63.0,39.5,6.5,51.5,41.5,21.5,27.0,40.65
Nick Vannett,22,17,1.4,166,0,9.8,0,18,0,0,50.0,53.0,45.5,60.0,39.5,43.0,61.5,61.0,21.5,27.0,46.2
Dawson Knox,50,28,3.3,388,0,13.9,2,49,0,0,22.0,27.0,36.0,32.0,39.5,5.0,38.5,11.0,21.5,27.0,25.95
Nick Boyle,42,30,2.8,314,0,10.5,2,35,0,0,32.0,32.5,34.5,39.5,39.5,32.0,38.5,26.0,21.5,27.0,32.3
Demetrius Harris,27,15,1.8,149,0,9.9,3,23,0,0,53.0,45.0,51.5,50.5,39.5,42.0,25.5,53.0,21.5,27.0,40.85
T.J. Hockenson,59,32,4.9,367,1,11.5,2,39,0,0,25.5,19.5,30.0,15.0,11.5,22.5,38.5,20.5,21.5,27.0,23.15
Josh Hill,35,25,2.2,226,0,9.0,3,29,0,0,42.0,39.0,39.0,47.0,39.5,48.5,25.5,39.0,21.5,27.0,36.8
Jeff Heuerman,20,14,1.4,114,0,8.1,1,26,0,0,59.0,55.5,56.0,60.0,39.5,60.0,51.5,44.5,21.5,27.0,47.45
Jonnu Smith,45,35,2.8,439,0,12.5,3,57,0,0,19.0,31.0,25.5,39.5,39.5,12.0,25.5,8.0,21.5,27.0,24.85
Will Dissly,27,23,4.5,262,0,11.4,4,38,1,0,37.0,45.0,40.0,21.5,39.5,24.0,16.0,22.0,52.0,27.0,32.4
Rhett Ellison,28,18,2.8,167,0,9.3,1,31,0,0,49.0,42.5,43.5,39.5,39.5,46.5,51.5,35.0,21.5,27.0,39.55
Kaden Smith,42,31,4.7,268,0,8.6,3,32,2,0,36.0,32.5,32.0,18.5,39.5,52.0,25.5,33.5,63.0,27.0,35.95
Seth DeValve,19,12,1.6,140,0,11.7,0,20,0,0,55.0,59.5,63.0,55.5,39.5,19.0,61.5,58.0,21.5,27.0,45.95
Mike Gesicki,89,51,5.6,570,0,11.2,5,34,1,1,12.0,7.0,12.0,12.0,39.5,25.5,10.0,28.0,52.0,58.5,25.65
Ricky Seals-Jones,22,14,1.6,229,0,16.4,4,59,1,1,41.0,53.0,56.0,55.5,39.5,1.5,16.0,7.0,52.0,58.5,38.0
Irv Smith Jr.,47,36,2.9,311,0,8.6,2,29,1,0,33.5,30.0,23.0,37.0,39.5,52.0,38.5,39.0,52.0,27.0,37.15
Darren Fells,48,34,3.0,341,0,10.0,7,24,0,0,30.0,28.5,28.0,35.5,39.5,41.0,3.0,49.5,21.5,27.0,30.35
Foster Moreau,26,21,2.0,174,0,8.3,5,23,0,0,46.0,47.0,41.5,48.0,39.5,58.5,10.0,53.0,21.5,27.0,39.2
Noah Fant,65,40,4.1,562,2,14.1,3,75,1,1,13.0,15.5,18.0,24.0,6.0,4.0,25.5,2.0,52.0,58.5,21.85
Ryan Griffin,41,34,3.2,320,1,9.4,5,45,0,0,31.0,34.5,28.0,33.0,11.5,44.5,10.0,17.0,21.5,27.0,25.8
Derek Carrier,19,13,1.2,108,0,8.3,1,25,0,0,61.0,59.5,60.5,63.0,39.5,58.5,51.5,47.0,21.5,27.0,48.9
Ian Thomas,31,16,1.9,136,0,8.5,1,19,0,0,56.0,40.5,48.0,49.0,39.5,54.5,51.5,59.5,21.5,27.0,44.7
Nick O'Leary,18,13,1.5,109,0,8.4,1,19,1,0,60.0,63.0,60.5,58.0,39.5,56.5,51.5,59.5,52.0,27.0,52.75
Blake Jarwin,41,31,2.6,365,0,11.8,3,42,1,0,27.0,34.5,32.0,42.0,39.5,17.5,25.5,18.0,52.0,27.0,31.5
Geoff Swaim,17,13,2.8,65,0,5.0,0,9,0,0,64.0,64.0,60.5,39.5,39.5,64.0,61.5,64.0,21.5,27.0,50.55
Jordan Akins,55,36,3.4,418,0,11.6,2,53,0,0,21.0,23.5,23.0,31.0,39.5,20.5,38.5,9.0,21.5,27.0,25.45
Jeremy Sprinkle,40,26,2.5,241,0,9.3,1,23,1,0,39.0,36.5,38.0,44.0,39.5,46.5,51.5,53.0,52.0,27.0,42.7
Anthony Firkser,24,14,1.6,204,0,14.6,1,39,0,0,44.0,50.0,56.0,55.5,39.5,3.0,51.5,20.5,21.5,27.0,36.85
Darren Waller,117,90,7.3,1146,5,12.7,3,75,1,1,2.0,3.0,2.0,6.0,1.0,10.5,25.5,2.0,52.0,58.5,16.25
Matt LaCosse,19,13,1.7,131,0,10.1,1,24,0,0,57.0,59.5,60.5,52.5,39.5,39.5,51.5,49.5,21.5,27.0,45.8
Ross Dwelley,22,15,1.4,91,0,6.1,2,25,0,0,62.0,53.0,51.5,60.0,39.5,62.0,38.5,47.0,21.5,27.0,46.2
Logan Thomas,28,16,1.8,173,0,10.8,1,17,0,0,47.5,42.5,48.0,50.5,39.5,29.0,51.5,62.0,21.5,27.0,41.9
