NAME,TGT,REC,TGT/G,YDS,100+ YDS,YDS/REC,TD,LONG,FUM,FUML,YDS_rank,TGT_rank,REC_rank,TGT/G_rank,100+ YDS_rank,YDS/REC_rank,TD_rank,LONG_rank,FUM_rank,FUML_rank,overall,salary
Travis Kelce,136,97,8.5,1229,2,12.7,5,47,1,1,1.0,1.0,1.0,2.5,6.0,10.5,10.0,15.5,52.0,58.5,15.8,9368400
Delanie Walker,31,21,4.4,215,0,10.2,2,29,1,0,43.0,40.5,41.5,23.0,39.5,37.5,38.5,39.0,52.0,27.0,38.15,8500000
Zach Ertz,135,88,9.0,916,1,10.4,6,30,1,1,4.0,2.0,3.0,1.0,11.5,35.0,5.0,36.5,52.0,58.5,20.85,8500000
Jared Cook,65,43,4.6,705,0,16.4,9,61,0,0,8.0,15.5,15.0,20.0,39.5,1.5,2.0,5.0,21.5,27.0,15.5,7500000
Greg Olsen,82,52,5.9,597,1,11.5,2,41,0,0,11.0,11.0,11.0,9.5,11.5,22.5,38.5,19.0,21.5,27.0,18.25,7000000
Kyle Rudolph,48,39,3.0,367,0,9.4,6,32,0,0,25.5,28.5,19.0,35.5,39.5,44.5,5.0,33.5,21.5,27.0,27.95,9000000
Jack Doyle,72,43,4.5,448,0,10.4,4,23,1,0,17.0,13.0,15.0,21.5,39.5,35.0,16.0,53.0,52.0,27.0,28.9,7100000
Trey Burton,25,14,3.1,84,0,6.0,0,16,0,0,63.0,48.0,56.0,34.0,39.5,63.0,61.5,63.0,21.5,27.0,47.65,8000000
Vance McDonald,55,38,3.9,273,0,7.2,3,22,1,0,35.0,23.5,20.5,27.0,39.5,61.0,25.5,56.5,52.0,27.0,36.75,6550000
Jimmy Graham,61,38,3.8,447,0,11.8,3,48,1,0,18.0,18.0,20.5,29.0,39.5,17.5,25.5,13.0,52.0,27.0,26.0,10000000
Evan Engram,68,44,8.5,467,2,10.6,3,75,0,0,15.0,14.0,13.0,2.5,6.0,30.0,25.5,2.0,21.5,27.0,15.65,2679576
Dallas Goedert,87,58,5.8,607,0,10.5,5,28,2,2,10.0,8.0,9.0,11.0,39.5,32.0,10.0,41.5,63.0,64.0,28.8,1406068
Tyler Higbee,83,64,5.9,714,4,11.2,3,33,0,0,7.0,9.5,6.0,9.5,2.0,25.5,25.5,30.5,21.5,27.0,16.4,7250000
Cameron Brate,56,36,3.5,311,0,8.6,4,37,0,0,33.5,22.0,23.0,30.0,39.5,52.0,16.0,23.0,21.5,27.0,28.75,6800000
Hayden Hurst,38,30,2.5,349,0,11.6,2,61,0,0,28.5,38.0,34.5,44.0,39.5,20.5,38.5,5.0,21.5,27.0,29.7,2759007
Gerald Everett,58,35,4.8,385,1,11.0,2,33,0,0,23.0,21.0,25.5,16.5,11.5,27.0,38.5,30.5,21.5,27.0,24.2,1511117
Mark Andrews,95,62,6.8,807,2,13.0,10,51,2,1,5.0,6.0,8.0,7.0,6.0,9.0,1.0,10.0,63.0,58.5,17.35,863290
Jesse James,27,16,1.7,142,0,8.9,0,23,0,0,54.0,45.0,48.0,52.5,39.5,50.0,61.5,53.0,21.5,27.0,45.2,5650000
James O'Shaughnessy,20,14,4.0,153,0,10.9,2,35,0,0,52.0,55.5,56.0,25.0,39.5,28.0,38.5,26.0,21.5,27.0,36.9,1112500
Maxx Williams,19,15,1.2,202,0,13.5,1,28,0,0,45.0,59.5,51.5,63.0,39.5,6.5,51.5,41.5,21.5,27.0,40.65,3500000
Dawson Knox,50,28,3.3,388,0,13.9,2,49,0,0,22.0,27.0,36.0,32.0,39.5,5.0,38.5,11.0,21.5,27.0,25.95,880400
Nick Boyle,42,30,2.8,314,0,10.5,2,35,0,0,32.0,32.5,34.5,39.5,39.5,32.0,38.5,26.0,21.5,27.0,32.3,6000000
T.J. Hockenson,59,32,4.9,367,1,11.5,2,39,0,0,25.5,19.5,30.0,15.0,11.5,22.5,38.5,20.5,21.5,27.0,23.15,4955306
Josh Hill,35,25,2.2,226,0,9.0,3,29,0,0,42.0,39.0,39.0,47.0,39.5,48.5,25.5,39.0,21.5,27.0,36.8,2950000
Jeff Heuerman,20,14,1.4,114,0,8.1,1,26,0,0,59.0,55.5,56.0,60.0,39.5,60.0,51.5,44.5,21.5,27.0,47.45,4000000
Jonnu Smith,45,35,2.8,439,0,12.5,3,57,0,0,19.0,31.0,25.5,39.5,39.5,12.0,25.5,8.0,21.5,27.0,24.85,776572
Will Dissly,27,23,4.5,262,0,11.4,4,38,1,0,37.0,45.0,40.0,21.5,39.5,24.0,16.0,22.0,52.0,27.0,32.4,777568
Rhett Ellison,28,18,2.8,167,0,9.3,1,31,0,0,49.0,42.5,43.5,39.5,39.5,46.5,51.5,35.0,21.5,27.0,39.55,4500000
Kaden Smith,42,31,4.7,268,0,8.6,3,32,2,0,36.0,32.5,32.0,18.5,39.5,52.0,25.5,33.5,63.0,27.0,35.95,680002
Mike Gesicki,89,51,5.6,570,0,11.2,5,34,1,1,12.0,7.0,12.0,12.0,39.5,25.5,10.0,28.0,52.0,58.5,25.65,1652981
Foster Moreau,26,21,2.0,174,0,8.3,5,23,0,0,46.0,47.0,41.5,48.0,39.5,58.5,10.0,53.0,21.5,27.0,39.2,752098
Noah Fant,65,40,4.1,562,2,14.1,3,75,1,1,13.0,15.5,18.0,24.0,6.0,4.0,25.5,2.0,52.0,58.5,21.85,3147680
Ryan Griffin,41,34,3.2,320,1,9.4,5,45,0,0,31.0,34.5,28.0,33.0,11.5,44.5,10.0,17.0,21.5,27.0,25.8,3600000
Ryan Griffin,41,34,3.2,320,1,9.4,5,45,0,0,31.0,34.5,28.0,33.0,11.5,44.5,10.0,17.0,21.5,27.0,25.8,1450000
Derek Carrier,19,13,1.2,108,0,8.3,1,25,0,0,61.0,59.5,60.5,63.0,39.5,58.5,51.5,47.0,21.5,27.0,48.9,1850000
Ian Thomas,31,16,1.9,136,0,8.5,1,19,0,0,56.0,40.5,48.0,49.0,39.5,54.5,51.5,59.5,21.5,27.0,44.7,801999
Geoff Swaim,17,13,2.8,65,0,5.0,0,9,0,0,64.0,64.0,60.5,39.5,39.5,64.0,61.5,64.0,21.5,27.0,50.55,3300000
Jordan Akins,55,36,3.4,418,0,11.6,2,53,0,0,21.0,23.5,23.0,31.0,39.5,20.5,38.5,9.0,21.5,27.0,25.45,831271
Darren Waller,117,90,7.3,1146,5,12.7,3,75,1,1,2.0,3.0,2.0,6.0,1.0,10.5,25.5,2.0,52.0,58.5,16.25,7450000
Matt LaCosse,19,13,1.7,131,0,10.1,1,24,0,0,57.0,59.5,60.5,52.5,39.5,39.5,51.5,49.5,21.5,27.0,45.8,1400000
