NAME,TGT,REC,TGT/G,YDS,100+ YDS,YDS/REC,TD,LONG,FUM,FUML,YDS_rank,TGT_rank,REC_rank,TGT/G_rank,100+ YDS_rank,YDS/REC_rank,TD_rank,LONG_rank,FUM_rank,FUML_rank,overall,salary
Demetrius Harris,25,12,1.7,164,0,13.7,3,35,0,0,53.0,48.0,58.5,51.5,37.5,7.0,21.5,28.0,22.5,25.5,35.3,2100000
Hayden Hurst,23,13,1.9,163,0,12.5,1,32,0,0,54.0,52.0,55.5,48.5,37.5,16.0,45.5,33.0,22.5,25.5,39.0,2759007
Vance McDonald,73,50,4.9,610,1,12.2,4,75,2,1,11.0,12.0,12.0,14.0,9.0,18.5,12.5,2.5,60.5,56.0,20.8,6550000
Rob Gronkowski,72,47,5.5,682,2,14.5,3,42,1,1,6.0,13.0,13.0,11.0,5.0,5.0,21.5,19.0,51.5,56.0,20.1,9000000
Travis Kelce,150,103,9.4,1336,5,13.0,10,43,2,1,2.0,2.0,2.0,2.0,1.5,10.0,2.0,17.5,60.5,56.0,15.55,9368400
Jordan Reed,84,54,6.5,558,0,10.3,2,34,1,1,15.0,9.0,10.5,5.0,37.5,38.0,32.0,29.5,51.5,56.0,28.4,9350000
Zach Ertz,156,116,9.8,1163,5,10.0,8,34,1,0,3.0,1.0,1.0,1.0,1.5,42.0,3.0,29.5,51.5,25.5,15.9,8500000
Greg Olsen,38,27,4.2,291,0,10.8,4,23,0,0,30.0,30.5,29.5,20.0,37.5,34.5,12.5,52.5,22.5,25.5,29.5,8550000
Tyler Eifert,19,15,4.8,179,0,11.9,1,29,0,0,50.0,58.0,52.5,16.0,37.5,20.5,45.5,39.5,22.5,25.5,36.75,5500000
Jimmy Graham,91,55,5.7,636,1,11.6,2,54,0,0,9.0,6.0,9.0,8.0,9.0,24.5,32.0,7.5,22.5,25.5,15.3,10000000
Kyle Rudolph,81,64,5.1,634,1,9.9,4,44,0,0,10.0,10.0,7.0,13.0,9.0,43.0,12.5,15.5,22.5,25.5,16.8,7300000
Jack Doyle,33,26,5.5,245,0,9.4,2,20,1,1,39.0,39.5,31.5,11.0,37.5,47.0,32.0,58.0,51.5,56.0,40.3,6300000
Evan Engram,64,45,5.8,577,0,12.8,3,54,0,0,12.0,16.0,14.0,7.0,37.5,13.0,21.5,7.5,22.5,25.5,17.65,2679576
Jared Cook,101,68,6.3,896,4,13.2,6,45,0,0,4.0,5.0,5.0,6.0,3.5,8.5,5.0,14.0,22.5,25.5,9.9,5300000
Eric Ebron,110,66,6.9,750,1,11.4,13,53,1,1,5.0,4.0,6.0,4.0,9.0,27.5,1.0,9.5,51.5,56.0,17.35,6500000
Trey Burton,77,54,4.8,569,1,10.5,6,47,1,1,13.0,11.0,10.5,16.0,9.0,36.0,5.0,12.5,51.5,56.0,22.05,8000000
Josh Hill,24,16,1.5,185,0,11.6,1,23,0,0,48.0,50.5,50.5,57.0,37.5,24.5,45.5,52.5,22.5,25.5,41.4,2366667
David Njoku,89,56,5.6,639,0,11.4,4,66,0,0,8.0,7.0,8.0,9.0,37.5,27.5,12.5,5.0,22.5,25.5,16.25,2381274
Charles Clay,36,21,2.8,184,0,8.8,0,21,1,1,49.0,35.0,42.5,33.0,37.5,58.0,58.0,56.0,51.5,56.0,47.65,7600000
Vernon Davis,36,25,2.6,367,0,14.7,2,53,0,0,21.0,35.0,33.5,35.5,37.5,4.0,32.0,9.5,22.5,25.5,25.6,5000000
Cameron Brate,49,30,3.1,289,0,9.6,6,21,1,1,31.0,20.5,25.5,27.5,37.5,46.0,5.0,56.0,51.5,56.0,35.65,6800000
Austin Seferian-Jenkins,20,11,4.0,90,0,8.2,1,21,0,0,60.0,55.0,61.0,22.5,37.5,59.0,45.5,56.0,22.5,25.5,44.45,5250000
Rhett Ellison,35,25,2.5,272,0,10.9,1,29,0,0,33.0,37.5,33.5,38.0,37.5,33.0,45.5,39.5,22.5,25.5,34.55,4500000
Antonio Gates,46,28,2.9,333,0,11.9,2,27,1,1,24.5,24.5,28.0,31.0,37.5,20.5,32.0,44.5,51.5,56.0,35.0,2500000
Mike Gesicki,32,22,2.0,202,0,9.2,0,27,1,1,47.0,41.5,40.5,46.5,37.5,52.5,58.0,44.5,51.5,56.0,47.55,1652981
Benjamin Watson,46,35,2.9,400,0,11.4,2,32,0,0,20.0,24.5,18.0,31.0,37.5,27.5,32.0,33.0,22.5,25.5,27.15,2000000
Dallas Goedert,42,33,2.6,334,0,10.1,4,32,0,0,23.0,28.0,22.5,35.5,37.5,40.5,12.5,33.0,22.5,25.5,28.05,1406068
Lance Kendricks,26,19,1.6,170,0,8.9,1,22,0,0,51.0,46.0,47.0,54.5,37.5,56.0,45.5,54.0,22.5,25.5,43.95,2000000
Ryan Griffin,43,24,3.1,305,0,12.7,0,47,0,0,28.0,26.5,36.5,27.5,37.5,14.0,58.0,12.5,22.5,25.5,28.85,3000000
Ryan Griffin,43,24,3.1,305,0,12.7,0,47,0,0,28.0,26.5,36.5,27.5,37.5,14.0,58.0,12.5,22.5,25.5,28.85,1125000
Luke Willson,19,13,1.4,87,0,6.7,0,13,0,0,61.0,58.0,55.5,59.5,37.5,61.0,58.0,62.0,22.5,25.5,50.05,2500000
Gerald Everett,51,33,3.2,320,0,9.7,3,40,0,0,26.0,18.0,22.5,25.0,37.5,44.5,21.5,20.5,22.5,25.5,26.35,1511117
Virgil Green,27,19,1.7,210,0,11.1,1,26,0,0,46.0,44.5,47.0,51.5,37.5,30.5,45.5,46.5,22.5,25.5,39.7,2866667
Maxx Williams,17,16,1.3,143,0,8.9,1,25,0,0,56.0,61.0,50.5,61.5,37.5,56.0,45.5,49.0,22.5,25.5,46.5,1013185
Luke Stocker,21,15,1.3,165,0,11.0,2,31,0,0,52.0,53.0,52.5,61.5,37.5,32.0,32.0,36.5,22.5,25.5,40.5,1100000
Levine Toilolo,24,21,1.5,263,0,12.5,1,39,0,0,35.0,50.5,42.5,57.0,37.5,16.0,45.5,23.0,22.5,25.5,35.5,1500000
