NAME,TGT,REC,TGT/G,YDS,100+ YDS,YDS/REC,TD,LONG,FUM,FUML,YDS_rank,TGT_rank,REC_rank,TGT/G_rank,100+ YDS_rank,YDS/REC_rank,TD_rank,LONG_rank,FUM_rank,FUML_rank,overall
Demetrius Harris,25,12,1.7,164,0,13.7,3,35,0,0,53.0,48.0,58.5,51.5,37.5,7.0,21.5,28.0,22.5,25.5,35.3
Hayden Hurst,23,13,1.9,163,0,12.5,1,32,0,0,54.0,52.0,55.5,48.5,37.5,16.0,45.5,33.0,22.5,25.5,39.0
Dan Arnold,19,12,1.9,150,0,12.5,1,25,1,0,55.0,58.0,58.5,48.5,37.5,16.0,45.5,49.0,51.5,25.5,44.5
Vance McDonald,73,50,4.9,610,1,12.2,4,75,2,1,11.0,12.0,12.0,14.0,9.0,18.5,12.5,2.5,60.5,56.0,20.8
Anthony Firkser,20,19,2.0,225,0,11.8,1,28,0,0,41.5,55.0,47.0,46.5,37.5,22.5,45.5,42.5,22.5,25.5,38.6
Rob Gronkowski,72,47,5.5,682,2,14.5,3,42,1,1,6.0,13.0,13.0,11.0,5.0,5.0,21.5,19.0,51.5,56.0,20.1
Travis Kelce,150,103,9.4,1336,5,13.0,10,43,2,1,2.0,2.0,2.0,2.0,1.5,10.0,2.0,17.5,60.5,56.0,15.55
Jordan Reed,84,54,6.5,558,0,10.3,2,34,1,1,15.0,9.0,10.5,5.0,37.5,38.0,32.0,29.5,51.5,56.0,28.4
Zach Ertz,156,116,9.8,1163,5,10.0,8,34,1,0,3.0,1.0,1.0,1.0,1.5,42.0,3.0,29.5,51.5,25.5,15.9
Greg Olsen,38,27,4.2,291,0,10.8,4,23,0,0,30.0,30.5,29.5,20.0,37.5,34.5,12.5,52.5,22.5,25.5,29.5
Tyler Eifert,19,15,4.8,179,0,11.9,1,29,0,0,50.0,58.0,52.5,16.0,37.5,20.5,45.5,39.5,22.5,25.5,36.75
Jimmy Graham,91,55,5.7,636,1,11.6,2,54,0,0,9.0,6.0,9.0,8.0,9.0,24.5,32.0,7.5,22.5,25.5,15.3
Kyle Rudolph,81,64,5.1,634,1,9.9,4,44,0,0,10.0,10.0,7.0,13.0,9.0,43.0,12.5,15.5,22.5,25.5,16.8
Jack Doyle,33,26,5.5,245,0,9.4,2,20,1,1,39.0,39.5,31.5,11.0,37.5,47.0,32.0,58.0,51.5,56.0,40.3
Evan Engram,64,45,5.8,577,0,12.8,3,54,0,0,12.0,16.0,14.0,7.0,37.5,13.0,21.5,7.5,22.5,25.5,17.65
Jared Cook,101,68,6.3,896,4,13.2,6,45,0,0,4.0,5.0,5.0,6.0,3.5,8.5,5.0,14.0,22.5,25.5,9.9
Eric Ebron,110,66,6.9,750,1,11.4,13,53,1,1,5.0,4.0,6.0,4.0,9.0,27.5,1.0,9.5,51.5,56.0,17.35
Trey Burton,77,54,4.8,569,1,10.5,6,47,1,1,13.0,11.0,10.5,16.0,9.0,36.0,5.0,12.5,51.5,56.0,22.05
Josh Hill,24,16,1.5,185,0,11.6,1,23,0,0,48.0,50.5,50.5,57.0,37.5,24.5,45.5,52.5,22.5,25.5,41.4
David Njoku,89,56,5.6,639,0,11.4,4,66,0,0,8.0,7.0,8.0,9.0,37.5,27.5,12.5,5.0,22.5,25.5,16.25
Charles Clay,36,21,2.8,184,0,8.8,0,21,1,1,49.0,35.0,42.5,33.0,37.5,58.0,58.0,56.0,51.5,56.0,47.65
Vernon Davis,36,25,2.6,367,0,14.7,2,53,0,0,21.0,35.0,33.5,35.5,37.5,4.0,32.0,9.5,22.5,25.5,25.6
Austin Hooper,88,71,5.5,660,0,9.3,4,36,0,0,7.0,8.0,4.0,11.0,37.5,49.5,12.5,26.0,22.5,25.5,20.35
Cameron Brate,49,30,3.1,289,0,9.6,6,21,1,1,31.0,20.5,25.5,27.5,37.5,46.0,5.0,56.0,51.5,56.0,35.65
OJ Howard,48,34,4.8,565,0,16.6,5,75,0,0,14.0,22.5,20.0,16.0,37.5,1.0,7.5,2.5,22.5,25.5,16.9
Austin Seferian-Jenkins,20,11,4.0,90,0,8.2,1,21,0,0,60.0,55.0,61.0,22.5,37.5,59.0,45.5,56.0,22.5,25.5,44.45
Rhett Ellison,35,25,2.5,272,0,10.9,1,29,0,0,33.0,37.5,33.5,38.0,37.5,33.0,45.5,39.5,22.5,25.5,34.55
Antonio Gates,46,28,2.9,333,0,11.9,2,27,1,1,24.5,24.5,28.0,31.0,37.5,20.5,32.0,44.5,51.5,56.0,35.0
Mike Gesicki,32,22,2.0,202,0,9.2,0,27,1,1,47.0,41.5,40.5,46.5,37.5,52.5,58.0,44.5,51.5,56.0,47.55
Benjamin Watson,46,35,2.9,400,0,11.4,2,32,0,0,20.0,24.5,18.0,31.0,37.5,27.5,32.0,33.0,22.5,25.5,27.15
Dallas Goedert,42,33,2.6,334,0,10.1,4,32,0,0,23.0,28.0,22.5,35.5,37.5,40.5,12.5,33.0,22.5,25.5,28.05
Nick Boyle,37,23,2.3,213,0,9.3,0,25,0,0,45.0,32.5,39.0,42.5,37.5,49.5,58.0,49.0,22.5,25.5,40.1
Lance Kendricks,26,19,1.6,170,0,8.9,1,22,0,0,51.0,46.0,47.0,54.5,37.5,56.0,45.5,54.0,22.5,25.5,43.95
Ryan Griffin,43,24,3.1,305,0,12.7,0,47,0,0,28.0,26.5,36.5,27.5,37.5,14.0,58.0,12.5,22.5,25.5,28.85
Luke Willson,19,13,1.4,87,0,6.7,0,13,0,0,61.0,58.0,55.5,59.5,37.5,61.0,58.0,62.0,22.5,25.5,50.05
Jesse James,39,30,2.4,423,1,14.1,2,51,0,0,19.0,29.0,25.5,40.5,9.0,6.0,32.0,11.0,22.5,25.5,22.0
Mark Andrews,50,34,3.1,552,0,16.2,3,74,0,0,16.0,19.0,20.0,27.5,37.5,2.0,21.5,4.0,22.5,25.5,19.55
CJ Uzomah,66,43,4.1,439,0,10.2,3,29,0,0,18.0,15.0,15.0,21.0,37.5,39.0,21.5,39.5,22.5,25.5,25.45
George Kittle,135,88,8.4,1377,4,15.6,5,85,0,0,1.0,3.0,3.0,3.0,3.5,3.0,7.5,1.0,22.5,25.5,7.3
Tyler Higbee,33,24,2.1,292,0,12.2,2,36,1,0,29.0,39.5,36.5,45.0,37.5,18.5,32.0,26.0,51.5,25.5,34.1
Gerald Everett,51,33,3.2,320,0,9.7,3,40,0,0,26.0,18.0,22.5,25.0,37.5,44.5,21.5,20.5,22.5,25.5,26.35
Virgil Green,27,19,1.7,210,0,11.1,1,26,0,0,46.0,44.5,47.0,51.5,37.5,30.5,45.5,46.5,22.5,25.5,39.7
Jonnu Smith,31,20,2.4,258,0,12.9,3,61,1,0,37.0,43.0,44.5,40.5,37.5,11.5,21.5,6.0,51.5,25.5,31.85
Ricky Seals-Jones,70,34,4.7,343,0,10.1,1,40,0,0,22.0,14.0,20.0,18.0,37.5,40.5,45.5,20.5,22.5,25.5,26.6
Maxx Williams,17,16,1.3,143,0,8.9,1,25,0,0,56.0,61.0,50.5,61.5,37.5,56.0,45.5,49.0,22.5,25.5,46.5
Jordan Leggett,25,14,1.7,114,0,8.1,1,16,0,0,58.0,48.0,54.0,51.5,37.5,60.0,45.5,61.0,22.5,25.5,46.35
Geoff Swaim,32,26,3.6,242,0,9.3,1,43,0,0,40.0,41.5,31.5,24.0,37.5,49.5,45.5,17.5,22.5,25.5,33.5
Jeff Heuerman,48,31,4.4,281,0,9.1,2,36,0,0,32.0,22.5,24.0,19.0,37.5,54.0,32.0,26.0,22.5,25.5,29.5
Luke Stocker,21,15,1.3,165,0,11.0,2,31,0,0,52.0,53.0,52.5,61.5,37.5,32.0,32.0,36.5,22.5,25.5,40.5
Jordan Thomas,27,20,1.7,215,0,10.8,4,39,0,0,43.0,44.5,44.5,51.5,37.5,34.5,12.5,23.0,22.5,25.5,33.9
Levine Toilolo,24,21,1.5,263,0,12.5,1,39,0,0,35.0,50.5,42.5,57.0,37.5,16.0,45.5,23.0,22.5,25.5,35.5
Michael Roberts,20,9,2.5,100,0,11.1,3,29,0,0,59.0,55.0,62.0,38.0,37.5,30.5,21.5,39.5,22.5,25.5,39.1
Nick Vannett,43,29,2.9,269,0,9.3,3,32,1,0,34.0,26.5,27.0,31.0,37.5,49.5,21.5,33.0,51.5,25.5,33.7
Dalton Schultz,17,12,1.5,116,0,9.7,0,17,0,0,57.0,61.0,58.5,57.0,37.5,44.5,58.0,59.5,22.5,25.5,48.1
Jordan Akins,25,17,1.6,225,0,13.2,0,28,0,0,41.5,48.0,49.0,54.5,37.5,8.5,58.0,42.5,22.5,25.5,38.75
Blake Jarwin,36,27,2.2,307,1,11.4,3,39,0,0,27.0,35.0,29.5,44.0,9.0,27.5,21.5,23.0,22.5,25.5,26.45
Matt LaCosse,37,24,2.5,250,0,10.4,1,44,0,0,38.0,32.5,36.5,38.0,37.5,37.0,45.5,15.5,22.5,25.5,32.85
Ian Thomas,49,36,3.1,333,0,9.2,2,31,0,0,24.5,20.5,17.0,27.5,37.5,52.5,32.0,36.5,22.5,25.5,29.6
Chris Herndon IV,56,39,4.0,502,0,12.9,4,32,2,0,17.0,17.0,16.0,22.5,37.5,11.5,12.5,33.0,60.5,25.5,25.3
James O'Shaughnessy,38,24,2.7,214,0,8.9,0,17,0,0,44.0,30.5,36.5,34.0,37.5,56.0,58.0,59.5,22.5,25.5,40.4
Jason Croom,35,22,2.3,259,0,11.8,1,26,2,2,36.0,37.5,40.5,42.5,37.5,22.5,45.5,46.5,60.5,62.0,43.1
Logan Thomas,17,12,1.4,77,0,6.4,0,24,0,0,62.0,61.0,58.5,59.5,37.5,62.0,58.0,51.0,22.5,25.5,49.75
