NAME,TGT,REC,TGT/G,YDS,100+ YDS,YDS/REC,TD,LONG,FUM,FUML,YDS_rank,TGT_rank,REC_rank,TGT/G_rank,100+ YDS_rank,YDS/REC_rank,TD_rank,LONG_rank,FUM_rank,FUML_rank,overall,salary
Rob Gronkowski,105,69,7.5,1084,3,204.7,8,53,1,0,1.0,6.0,5.0,4.0,2.0,2.0,3.5,9.5,53.0,26.0,11.2,9000000
Greg Olsen,38,17,5.4,191,1,60.9,1,30,0,0,45.5,34.0,44.5,12.5,7.0,60.0,50.0,40.0,22.5,26.0,34.2,7500000
Travis Kelce,122,83,8.1,1038,4,177.0,8,44,0,0,2.0,1.0,1.0,1.0,1.0,11.0,3.5,16.0,22.5,26.0,8.5,9368400
Jimmy Graham,95,57,5.9,520,0,123.8,10,33,0,0,17.0,7.0,9.5,7.0,38.5,32.0,1.0,32.5,22.5,26.0,19.3,10000000
Delanie Walker,111,74,6.9,807,0,173.9,3,42,2,2,4.0,3.0,3.5,6.0,38.5,12.0,23.5,19.5,63.5,64.0,23.75,6687500
Zach Ertz,110,74,7.9,824,1,156.2,8,53,1,1,3.0,4.0,3.5,2.0,7.0,19.0,3.5,9.5,53.0,56.5,16.1,8500000
Jordan Reed,35,27,5.8,211,0,44.4,2,20,1,0,42.0,37.0,30.0,8.0,38.5,65.0,34.5,61.5,53.0,26.0,39.55,9350000
Zach Miller,35,20,4.4,236,0,96.3,2,29,0,0,39.0,37.0,41.0,21.0,38.5,47.0,34.5,42.5,22.5,26.0,34.9,2750000
Evan Engram,115,64,7.7,722,0,157.1,6,35,0,0,5.0,2.0,6.0,3.0,38.5,18.0,8.0,25.5,22.5,26.0,15.45,2679576
Jason Witten,87,63,5.4,560,0,144.3,5,28,1,1,12.0,8.0,7.0,12.5,38.5,22.0,11.0,46.5,53.0,56.5,26.7,7400000
Kyle Rudolph,81,57,5.1,532,0,145.9,8,34,0,0,14.0,11.0,9.5,15.0,38.5,21.0,3.5,29.0,22.5,26.0,19.0,7300000
Hunter Henry,62,45,4.4,579,0,143.2,4,34,0,0,10.0,20.5,17.0,21.0,38.5,23.0,16.0,29.0,22.5,26.0,22.35,1595077
Virgil Green,22,14,1.4,191,0,167.0,1,44,0,0,45.5,57.5,53.5,59.5,38.5,13.5,50.0,16.0,22.5,26.0,38.25,2800000
Martellus Bennett,44,30,4.9,286,0,89.1,0,33,0,0,35.0,31.0,26.5,16.5,38.5,53.0,62.5,32.5,22.5,26.0,34.4,7000000
Vernon Davis,68,43,4.2,648,0,223.3,3,69,2,2,8.0,16.0,19.0,23.5,38.5,1.0,23.5,2.5,63.5,64.0,25.95,5000000
Rhett Ellison,32,24,2.0,235,0,98.1,2,27,0,0,40.0,42.0,34.5,49.5,38.5,45.0,34.5,51.5,22.5,26.0,38.4,4500000
Jared Cook,86,54,5.4,688,2,185.8,2,35,1,1,7.0,9.5,11.0,12.5,3.0,7.5,34.5,25.5,53.0,56.5,22.0,5300000
Austin Seferian-Jenkins,74,50,5.7,357,0,91.8,3,28,1,1,26.0,14.5,13.0,9.5,38.5,50.0,23.5,46.5,53.0,56.5,33.1,1313730
Charles Clay,74,49,5.7,558,1,141.5,2,44,1,0,13.0,14.5,14.5,9.5,7.0,24.0,34.5,16.0,53.0,26.0,21.2,7600000
Antonio Gates,52,30,3.2,316,0,127.7,3,27,0,0,32.0,25.5,26.5,34.0,38.5,30.0,23.5,51.5,22.5,26.0,31.0,5500000
Coby Fleener,30,22,2.7,295,0,112.5,2,33,0,0,33.5,45.5,37.5,40.0,38.5,38.0,34.5,32.5,22.5,26.0,34.85,7200000
Jack Doyle,108,80,7.2,690,1,125.8,4,26,2,2,6.0,5.0,2.0,5.0,7.0,31.0,16.0,55.0,63.5,64.0,25.45,6300000
Niles Paul,20,13,1.4,94,0,69.8,0,32,0,0,63.0,60.5,58.0,59.5,38.5,59.0,62.5,37.0,22.5,26.0,48.65,2000000
Dion Sims,29,15,2.1,180,0,117.5,1,27,0,0,48.0,47.0,50.0,46.0,38.5,35.0,50.0,51.5,22.5,26.0,41.45,6000000
David Njoku,60,32,3.8,386,0,166.3,4,34,0,0,23.0,22.0,25.0,28.0,38.5,16.0,16.0,29.0,22.5,26.0,24.6,2381274
Eric Ebron,86,53,5.4,574,0,177.9,4,44,1,1,11.0,9.5,12.0,12.5,38.5,9.0,16.0,16.0,53.0,56.5,23.4,3062287
Dwayne Allen,22,10,1.4,86,0,56.0,1,22,0,0,64.5,57.5,64.0,59.5,38.5,62.0,50.0,57.5,22.5,26.0,50.2,7350000
Josh Hill,22,16,1.4,125,0,73.9,1,22,2,2,61.0,57.5,47.0,59.5,38.5,57.0,50.0,57.5,63.5,64.0,55.55,2366667
Darren Fells,26,17,1.6,177,0,117.0,3,23,0,0,49.0,49.5,44.5,52.5,38.5,36.0,23.5,56.0,22.5,26.0,39.8,1000000
Jermaine Gresham,46,33,3.3,322,0,137.2,2,21,0,0,29.5,28.0,23.5,33.0,38.5,26.0,34.5,59.5,22.5,26.0,32.1,7000000
Luke Willson,22,15,1.4,153,0,97.0,4,27,0,0,54.0,57.5,50.0,59.5,38.5,46.0,16.0,51.5,22.5,26.0,42.15,1800000
Vance McDonald,24,14,2.4,188,0,83.5,1,28,0,0,47.0,52.0,53.5,42.0,38.5,55.5,50.0,46.5,22.5,26.0,43.35,6550000
Julius Thomas,57,39,4.4,380,0,122.7,2,27,1,0,24.0,24.0,22.0,21.0,38.5,33.0,34.5,51.5,53.0,26.0,32.75,6100000
Marcedes Lewis,48,24,3.0,318,0,146.8,5,37,0,0,31.0,27.0,34.5,36.0,38.5,20.0,11.0,22.0,22.5,26.0,26.85,4000000
Gerald Everett,32,16,2.0,244,0,166.5,2,69,1,1,37.5,42.0,47.0,49.5,38.5,15.0,34.5,2.5,53.0,56.5,37.6,1511117
Brandon Williams,17,13,1.3,121,0,90.2,0,32,0,0,62.0,65.5,58.0,64.0,38.5,52.0,62.5,37.0,22.5,26.0,48.8,10500000
Brent Celek,24,13,1.5,130,0,95.3,1,28,0,0,58.0,52.0,58.0,55.0,38.5,49.0,50.0,46.5,22.5,26.0,45.55,4333333
Ed Dickson,45,28,2.8,410,1,138.7,0,64,0,0,20.0,29.5,28.5,38.0,7.0,25.0,62.5,4.0,22.5,26.0,26.3,2033333
Troy Niklas,23,11,1.5,132,0,83.7,1,21,0,0,57.0,54.5,63.0,55.0,38.5,54.0,50.0,59.5,22.5,26.0,48.0,1005825
Demetrius Harris,35,18,2.2,224,0,103.8,1,51,0,0,41.0,37.0,42.5,43.0,38.5,42.0,50.0,11.5,22.5,26.0,35.4,2100000
Trey Burton,31,23,2.1,248,0,109.7,5,27,0,0,36.0,44.0,36.0,46.0,38.5,41.0,11.0,51.5,22.5,26.0,35.25,2746000
Benjamin Watson,79,61,4.9,522,0,132.1,4,33,1,0,16.0,12.0,8.0,16.5,38.5,27.0,16.0,32.5,53.0,26.0,24.55,3500000
Lance Kendricks,33,16,2.1,171,0,103.5,1,51,0,0,50.0,39.5,47.0,46.0,38.5,43.0,50.0,11.5,22.5,26.0,37.4,2000000
Garrett Celek,33,21,2.1,336,0,191.8,4,61,0,0,28.0,39.5,39.5,46.0,38.5,4.0,16.0,5.0,22.5,26.0,26.5,2550000
Ryan Griffin,26,13,3.7,158,0,57.0,1,35,0,0,52.0,49.5,58.0,29.0,38.5,61.0,50.0,25.5,22.5,26.0,41.2,3000000
Ryan Griffin,26,13,3.7,158,0,57.0,1,35,0,0,52.0,49.5,58.0,29.0,38.5,61.0,50.0,25.5,22.5,26.0,41.2,1125000
Maxx Williams,18,15,1.6,86,0,44.9,1,17,1,1,64.5,63.5,50.0,52.5,38.5,64.0,50.0,63.5,53.0,56.5,55.6,1013185
