NAME,TGT,REC,TGT/G,YDS,100+ YDS,YDS/REC,TD,LONG,FUM,FUML,YDS_rank,TGT_rank,REC_rank,TGT/G_rank,100+ YDS_rank,YDS/REC_rank,TD_rank,LONG_rank,FUM_rank,FUML_rank,overall
Curtis Samuel,65,39,5.0,494,0,12.7,5,53,1,1,68.5,65.5,64.5,68.0,106.5,70.5,39.5,55.0,95.5,122.0,75.55
Keke Coutee,41,28,6.8,287,1,10.2,1,40,0,0,102.0,100.5,88.5,30.5,53.5,119.0,118.0,91.5,38.5,54.0,79.6
Devante Parker,47,24,4.3,309,1,12.9,1,46,0,0,93.0,86.0,99.5,81.0,53.5,64.5,118.0,75.0,38.5,54.0,76.3
Keith Kirkwood,21,13,2.6,209,0,16.1,2,42,0,0,119.5,138.0,134.5,120.0,106.5,15.0,90.0,85.5,38.5,54.0,90.15
Michael Floyd,24,10,1.8,100,0,10.0,1,20,0,0,142.0,133.5,142.5,133.0,106.5,124.0,118.0,139.5,38.5,54.0,113.15
Will Fuller,45,32,6.4,503,3,15.7,4,73,0,0,67.0,92.0,81.0,35.5,20.0,18.0,57.5,21.0,38.5,54.0,48.45
Brandon Powell,17,11,2.8,129,1,11.7,0,41,0,0,140.0,145.0,139.0,114.0,53.5,93.5,139.5,89.0,38.5,54.0,100.6
Bennie Fowler,27,16,2.7,199,0,12.4,1,26,1,0,121.0,125.5,125.5,117.0,106.5,78.5,118.0,125.0,95.5,54.0,106.65
Damion Ratley,20,13,1.5,144,0,11.1,0,27,0,0,137.0,139.5,134.5,140.0,106.5,103.5,139.5,121.0,38.5,54.0,111.4
Dontrelle Inman,39,28,4.3,304,0,10.9,3,29,0,0,94.5,103.0,88.5,81.0,106.5,107.0,72.0,113.5,38.5,54.0,85.85
Breshad Perriman,25,16,2.5,340,0,21.2,2,66,0,0,87.0,130.0,125.5,122.5,106.5,1.0,90.0,31.5,38.5,54.0,78.65
Alshon Jeffery,92,65,7.1,843,2,13.0,6,52,1,0,25.0,38.5,30.0,24.5,32.0,62.5,25.0,57.0,95.5,54.0,44.4
Marcell Ateman,31,15,4.4,154,0,10.3,1,32,0,0,135.0,113.0,128.0,77.0,106.5,116.5,118.0,109.0,38.5,54.0,99.55
Andy Jones,24,11,3.4,80,0,7.3,1,15,0,0,143.0,133.5,139.0,100.0,106.5,143.0,118.0,144.5,38.5,54.0,112.0
Isaiah McKenzie,30,18,3.8,179,0,9.9,0,23,2,1,127.0,116.5,118.0,92.0,106.5,127.5,139.5,132.5,126.5,122.0,120.8
Aldrick Robinson,35,17,2.5,231,0,13.6,5,40,0,0,112.0,108.0,121.0,122.5,106.5,54.0,39.5,91.5,38.5,54.0,84.75
Jordan Matthews,28,20,2.0,300,0,15.0,2,56,0,0,98.0,122.5,111.0,129.0,106.5,32.0,90.0,45.0,38.5,54.0,82.65
Maurice Harris,47,28,3.9,304,1,10.9,0,42,1,0,94.5,86.0,88.5,89.5,53.5,107.0,139.5,85.5,95.5,54.0,89.35
Martavis Bryant,27,19,3.4,266,0,14.0,0,47,1,1,106.0,125.5,115.5,100.0,106.5,44.0,139.5,72.0,95.5,122.0,102.65
Julian Edelman,108,74,9.0,850,2,11.5,6,36,1,0,24.0,21.5,20.5,11.0,32.0,98.0,25.0,101.0,95.5,54.0,48.25
Cody Core,28,13,2.0,160,0,12.3,1,30,0,0,134.0,122.5,134.5,129.0,106.5,82.0,118.0,111.5,38.5,54.0,103.05
Jermaine Kearse,76,37,5.4,371,0,10.0,1,29,0,0,86.0,51.0,71.0,61.5,106.5,124.0,118.0,113.5,38.5,54.0,82.4
Julio Jones,170,113,10.6,1677,10,14.8,8,58,2,2,1.0,1.0,3.5,3.0,1.0,36.5,11.5,40.5,126.5,140.5,36.5
Antonio Brown,169,104,11.3,1297,5,12.5,15,78,0,0,9.0,2.5,7.0,1.5,9.0,74.5,1.0,8.0,38.5,54.0,20.5
AJ Green,77,46,8.6,694,2,15.1,6,38,2,1,42.0,50.0,48.0,14.5,32.0,29.5,25.0,98.5,126.5,122.0,58.8
Keenan Allen,137,97,8.6,1196,3,12.3,6,54,3,1,13.0,11.5,9.0,14.5,20.0,82.0,25.0,52.5,140.5,122.0,49.0
Odell Beckham Jr,124,77,10.3,1052,5,13.7,6,51,2,1,15.0,14.0,15.0,5.0,9.0,49.5,25.0,60.5,126.5,122.0,44.15
DeAndre Hopkins,163,115,10.2,1572,7,13.7,11,49,2,2,2.0,5.0,2.0,6.0,5.0,49.5,4.0,67.0,126.5,140.5,40.75
Golden Tate,113,74,7.5,795,2,10.7,4,67,2,0,30.0,18.0,20.5,21.0,32.0,109.5,57.5,29.5,126.5,54.0,49.85
Doug Baldwin,73,50,5.6,618,1,12.4,5,42,0,0,51.0,53.0,45.5,57.0,53.5,78.5,39.5,85.5,38.5,54.0,55.6
Adam Thielen,155,113,9.7,1373,9,12.2,9,68,1,1,8.0,6.0,3.5,8.0,2.0,85.0,9.0,27.5,95.5,122.0,36.65
Michael Thomas,147,125,9.2,1405,4,11.2,9,72,2,2,6.0,9.0,1.0,10.0,13.5,101.0,9.0,22.5,126.5,140.5,43.9
Marvin Jones,62,35,6.9,508,1,14.5,5,39,0,0,65.0,69.0,75.5,29.0,53.5,39.0,39.5,95.5,38.5,54.0,55.85
Tyreek Hill,137,87,8.6,1479,6,17.0,12,75,0,0,4.0,11.5,10.0,14.5,6.0,10.5,3.0,15.0,38.5,54.0,16.7
Davante Adams,169,111,11.3,1386,5,12.5,13,57,0,0,7.0,2.5,5.5,1.5,9.0,74.5,2.0,43.0,38.5,54.0,23.75
Brandin Cooks,116,80,7.2,1204,5,15.1,5,57,1,0,12.0,17.0,14.0,22.5,9.0,29.5,39.5,43.0,95.5,54.0,33.6
Stefon Diggs,148,102,9.9,1021,4,10.0,9,75,0,0,17.0,8.0,8.0,7.0,13.5,124.0,9.0,15.0,38.5,54.0,29.4
T.Y. Hilton,120,76,8.6,1270,5,16.7,6,68,0,0,10.0,15.0,17.0,14.5,9.0,14.0,25.0,27.5,38.5,54.0,22.45
DeSean Jackson,75,41,6.2,774,3,18.9,4,75,0,0,32.0,52.0,60.0,39.5,20.0,3.0,57.5,15.0,38.5,54.0,37.15
Mike Evans,139,86,8.7,1524,8,17.7,8,72,2,1,3.0,10.0,11.5,12.0,3.5,6.0,11.5,22.5,126.5,122.0,32.85
Larry Fitzgerald,112,69,7.0,734,1,10.6,6,37,0,0,38.0,19.5,24.0,27.0,53.5,111.0,25.0,100.0,38.5,54.0,49.05
Emmanuel Sanders,98,71,8.2,868,3,12.2,4,64,1,0,23.0,29.0,22.0,17.5,20.0,85.0,57.5,33.5,95.5,54.0,43.7
Robby Anderson,93,50,6.6,752,2,15.0,6,76,2,2,34.0,36.5,45.5,33.0,32.0,32.0,25.0,9.0,126.5,140.5,51.4
Paul Richardson,35,20,5.0,262,0,13.1,2,46,0,0,107.0,108.0,111.0,68.0,106.5,60.5,90.0,75.0,38.5,54.0,81.85
Demaryius Thomas,89,59,5.9,677,1,11.5,5,45,0,0,44.0,40.5,37.0,48.5,53.5,98.0,39.5,77.5,38.5,54.0,53.1
Kenny Stills,64,37,4.3,553,2,14.9,6,75,1,0,59.0,67.5,71.0,81.0,32.0,34.5,25.0,15.0,95.5,54.0,53.45
Pierre Garcon,45,24,5.6,286,0,11.9,1,25,0,0,103.0,92.0,99.5,57.0,106.5,89.5,118.0,127.0,38.5,54.0,88.5
Amari Cooper,107,75,7.1,1004,4,13.4,7,90,2,2,18.0,23.5,19.0,24.5,13.5,57.5,16.0,2.0,126.5,140.5,44.1
Kelvin Benjamin,67,25,4.5,380,0,15.2,1,40,0,0,85.0,62.0,98.0,73.5,106.5,26.0,118.0,91.5,38.5,54.0,75.3
Sammy Watkins,55,40,5.5,519,2,13.0,3,50,1,0,64.0,75.0,62.5,60.0,32.0,62.5,72.0,63.5,95.5,54.0,64.1
Jordy Nelson,88,63,5.9,739,1,11.7,3,66,1,0,35.0,42.0,34.0,48.5,53.5,93.5,72.0,31.5,95.5,54.0,55.95
Jarvis Landry,149,81,9.3,976,4,12.0,4,51,1,1,19.0,7.0,13.0,9.0,13.5,88.0,57.5,60.5,95.5,122.0,48.5
Marquise Goodwin,43,23,3.9,395,1,17.2,4,67,1,0,81.0,97.0,101.5,89.5,53.5,8.0,57.5,29.5,95.5,54.0,66.7
Allen Robinson,94,55,7.2,754,1,13.7,4,43,1,1,33.0,34.5,41.5,22.5,53.5,49.5,57.5,82.0,95.5,122.0,59.15
Mohamed Sanu,94,66,5.9,838,1,12.7,4,44,1,1,27.0,34.5,27.0,48.5,53.5,70.5,57.5,80.0,95.5,122.0,61.6
Tyler Lockett,71,57,4.4,965,1,16.9,10,52,2,0,20.0,56.5,39.0,77.0,53.5,12.0,6.0,57.0,126.5,54.0,50.15
Danny Amendola,79,59,5.3,575,0,9.7,1,39,2,0,56.0,47.0,37.0,63.5,106.5,130.0,118.0,95.5,126.5,54.0,83.4
Robert Woods,131,86,8.2,1219,3,14.2,6,39,0,0,11.0,13.0,11.5,17.5,20.0,42.5,25.0,95.5,38.5,54.0,32.85
Sterling Shepard,107,66,6.7,872,2,13.2,4,58,1,0,22.0,23.5,27.0,32.0,32.0,59.0,57.5,40.5,95.5,54.0,44.3
Taylor Gabriel,93,67,5.8,688,2,10.3,2,54,1,1,43.0,36.5,25.0,52.5,32.0,116.5,90.0,52.5,95.5,122.0,66.55
Jamison Crowder,50,29,5.6,388,0,13.4,2,79,0,0,83.0,84.0,85.5,57.0,106.5,57.5,90.0,7.0,38.5,54.0,66.3
Ted Ginn,30,17,6.0,209,0,12.3,2,42,1,1,119.5,116.5,121.0,44.0,106.5,82.0,90.0,85.5,95.5,122.0,98.25
Devin Funchess,79,44,5.6,549,0,12.5,4,27,0,0,60.0,47.0,50.5,57.0,106.5,74.5,57.5,121.0,38.5,54.0,66.65
Nelson Agholor,97,64,6.1,736,1,11.5,4,83,1,0,37.0,30.5,32.5,41.5,53.5,98.0,57.5,4.0,95.5,54.0,50.4
Travis Benjamin,24,12,2.0,186,0,15.5,1,46,0,0,126.0,133.5,137.0,129.0,106.5,20.0,118.0,75.0,38.5,54.0,93.75
Michael Crabtree,100,54,6.2,607,0,11.2,3,27,0,0,52.0,28.0,43.0,39.5,106.5,101.0,72.0,121.0,38.5,54.0,65.55
Brandon Marshall,23,11,3.3,136,0,12.4,1,27,0,0,138.0,136.0,139.0,103.5,106.5,78.5,118.0,121.0,38.5,54.0,103.3
Dede Westbrook,101,66,6.3,717,1,10.9,5,61,3,2,39.0,27.0,27.0,37.5,53.5,107.0,39.5,37.0,140.5,140.5,64.85
Allen Hurns,36,20,2.2,295,0,14.8,2,49,1,0,99.0,105.5,111.0,125.5,106.5,36.5,90.0,67.0,95.5,54.0,89.05
Adam Humphries,104,76,6.5,816,0,10.7,5,51,2,0,29.0,25.0,17.0,34.0,106.5,109.5,39.5,60.5,126.5,54.0,60.15
Randall Cobb,61,38,6.8,383,1,10.1,2,75,2,1,84.0,70.0,67.5,30.5,53.5,120.5,90.0,15.0,126.5,122.0,77.95
Tyrell Williams,64,41,4.0,653,2,15.9,5,75,2,0,48.0,67.5,60.0,88.0,32.0,16.0,39.5,15.0,126.5,54.0,54.65
Chris Godwin,95,59,5.9,842,3,14.3,7,48,4,1,26.0,32.5,37.0,48.5,20.0,40.5,16.0,70.0,143.5,122.0,55.6
Donte Moncrief,89,48,5.6,668,1,13.9,3,80,1,1,46.0,40.5,47.0,57.0,53.5,45.5,72.0,6.0,95.5,122.0,58.5
Chris Hogan,53,35,3.3,532,0,15.2,3,63,0,0,62.5,79.0,75.5,103.5,106.5,26.0,72.0,35.0,38.5,54.0,65.25
Mike Williams,66,43,4.1,664,0,15.4,10,55,0,0,47.0,63.5,53.5,86.5,106.5,21.5,6.0,48.0,38.5,54.0,52.5
Josh Gordon,71,41,5.9,737,2,18.0,4,55,0,0,36.0,56.5,60.0,48.5,32.0,5.0,57.5,48.0,38.5,54.0,43.6
Cole Beasley,86,65,5.4,672,1,10.3,3,32,0,0,45.0,43.0,30.0,61.5,53.5,116.5,72.0,109.0,38.5,54.0,62.3
Jaron Brown,20,14,1.3,166,0,11.9,5,45,0,0,131.0,139.5,130.5,143.0,106.5,89.5,39.5,77.5,38.5,54.0,94.95
JJ Nelson,19,7,1.4,64,0,9.1,0,17,0,0,145.0,142.0,145.0,141.5,106.5,135.5,139.5,143.0,38.5,54.0,119.05
Calvin Ridley,92,64,5.8,821,1,12.8,10,75,2,1,28.0,38.5,32.5,52.5,53.5,67.5,6.0,15.0,126.5,122.0,54.2
Torrey Smith,30,17,2.7,190,0,11.2,2,35,0,0,123.5,116.5,121.0,117.0,106.5,101.0,90.0,102.5,38.5,54.0,97.05
Bruce Ellington,42,31,6.0,224,0,7.2,1,23,1,0,113.0,98.5,83.0,44.0,106.5,144.0,118.0,132.5,95.5,54.0,98.9
Cooper Kupp,56,40,7.0,566,1,14.2,6,70,0,0,58.0,73.5,62.5,27.0,53.5,42.5,25.0,26.0,38.5,54.0,46.05
Corey Davis,112,65,7.0,891,2,13.7,4,51,1,0,21.0,19.5,30.0,27.0,32.0,49.5,57.5,60.5,95.5,54.0,44.65
Albert Wilson,35,26,5.0,391,1,15.0,4,75,0,0,82.0,108.0,95.5,68.0,53.5,32.0,57.5,15.0,38.5,54.0,60.4
JuJu Smith-Schuster,166,111,10.4,1426,8,12.8,7,97,1,1,5.0,4.0,5.5,4.0,3.5,67.5,16.0,1.0,95.5,122.0,32.4
Andre Holmes,24,13,1.6,162,0,12.5,0,24,0,0,132.0,133.5,134.5,137.5,106.5,74.5,139.5,129.0,38.5,54.0,107.95
Josh Doctson,79,44,5.3,532,0,12.1,2,32,0,0,62.5,47.0,50.5,63.5,106.5,87.0,90.0,109.0,38.5,54.0,70.85
Taywan Taylor,56,37,4.3,466,1,12.6,1,55,1,1,74.0,73.5,71.0,81.0,53.5,72.0,118.0,48.0,95.5,122.0,80.85
Chris Conley,52,32,3.2,334,0,10.4,5,27,2,2,88.5,81.5,81.0,106.5,106.5,113.5,39.5,121.0,126.5,140.5,100.5
Quincy Enunwa,69,38,6.3,449,0,11.8,1,42,2,1,75.0,59.0,67.5,37.5,106.5,91.5,118.0,85.5,126.5,122.0,88.9
Tajae Sharpe,47,26,2.9,316,1,12.2,2,28,0,0,91.0,86.0,95.5,110.5,53.5,85.0,90.0,116.5,38.5,54.0,82.05
Cordarrelle Patterson,28,21,1.9,247,0,11.8,3,55,1,1,110.0,122.5,106.5,131.0,106.5,91.5,72.0,48.0,95.5,122.0,100.55
Zay Jones,102,56,6.4,652,0,11.6,7,57,1,0,49.0,26.0,40.0,35.5,106.5,95.5,16.0,43.0,95.5,54.0,56.1
Keelan Cole,70,38,4.4,491,1,12.9,1,35,2,2,70.0,58.0,67.5,77.0,53.5,64.5,118.0,102.5,126.5,140.5,87.8
John Brown,97,42,6.1,715,2,17.0,5,71,0,0,40.0,30.5,57.0,41.5,32.0,10.5,39.5,24.5,38.5,54.0,36.8
Justin Hardy,22,14,1.4,133,0,9.5,2,19,1,0,139.0,137.0,130.5,141.5,106.5,132.0,90.0,142.0,95.5,54.0,116.8
Tyler Boyd,108,76,7.7,1028,3,13.5,7,49,0,0,16.0,21.5,17.0,20.0,20.0,56.0,16.0,67.0,38.5,54.0,32.6
Ryan Switzer,44,36,2.8,253,0,7.0,1,24,2,0,108.0,95.5,73.0,114.0,106.5,145.0,118.0,129.0,126.5,54.0,106.95
James Washington,38,16,2.7,217,0,13.6,1,47,0,0,114.0,104.0,125.5,117.0,106.5,54.0,118.0,72.0,38.5,54.0,90.35
Kenny Golladay,118,70,7.9,1063,3,15.2,5,60,1,0,14.0,16.0,23.0,19.0,20.0,26.0,39.5,38.5,95.5,54.0,34.55
Ryan Grant,51,35,3.6,334,0,9.5,1,23,0,0,88.5,83.0,75.5,95.5,106.5,132.0,118.0,132.5,38.5,54.0,92.4
Deonte Thompson,30,17,2.3,161,0,9.5,0,15,0,0,133.0,116.5,121.0,124.0,106.5,132.0,139.5,144.5,38.5,54.0,110.95
Seth Roberts,65,45,4.3,494,0,11.0,2,44,0,0,68.5,65.5,49.0,81.0,106.5,105.0,90.0,80.0,38.5,54.0,73.8
Trent Taylor,40,26,2.9,215,0,8.3,1,23,1,0,116.0,102.0,95.5,110.5,106.5,139.5,118.0,132.5,95.5,54.0,107.0
John Ross,58,21,4.5,210,0,10.0,7,39,0,0,117.5,72.0,106.5,73.5,106.5,124.0,16.0,95.5,38.5,54.0,80.4
Josh Bellamy,26,14,1.6,117,0,8.4,1,20,0,0,141.0,127.5,130.5,137.5,106.5,138.0,118.0,139.5,38.5,54.0,113.1
Jarius Wright,59,43,3.7,447,0,10.4,1,33,3,1,76.0,71.0,53.5,94.0,106.5,113.5,118.0,106.0,140.5,122.0,100.1
Willie Snead,95,62,5.9,651,0,10.5,1,28,0,0,50.0,32.5,35.0,48.5,106.5,112.0,118.0,116.5,38.5,54.0,71.15
Chester Rogers,72,53,4.5,485,0,9.2,2,34,1,0,72.0,54.5,44.0,73.5,106.5,134.0,90.0,104.0,95.5,54.0,82.8
TJ Jones,26,19,1.7,190,0,10.0,2,26,0,0,123.5,127.5,115.5,135.0,106.5,124.0,90.0,125.0,38.5,54.0,103.95
Andre Roberts,18,10,1.1,79,0,7.9,1,20,3,1,144.0,144.0,142.5,145.0,106.5,142.0,118.0,139.5,140.5,122.0,134.4
Chad Williams,46,17,4.6,171,0,10.1,1,22,0,0,129.0,88.5,121.0,71.0,106.5,120.5,118.0,135.5,38.5,54.0,98.25
Phillip Dorsett,42,32,2.6,290,0,9.1,3,20,0,0,100.0,98.5,81.0,120.0,106.5,135.5,72.0,139.5,38.5,54.0,94.55
Josh Reynolds,53,29,3.3,402,0,13.9,5,33,0,0,80.0,79.0,85.5,103.5,106.5,45.5,39.5,106.0,38.5,54.0,73.8
Dante Pettis,45,27,3.8,467,1,17.3,5,75,2,0,73.0,92.0,92.0,92.0,53.5,7.0,39.5,15.0,126.5,54.0,64.45
Terrelle Pryor,30,16,3.8,252,0,15.8,2,44,0,0,109.0,116.5,125.5,92.0,106.5,17.0,90.0,80.0,38.5,54.0,82.9
Anthony Miller,54,33,3.6,423,1,12.8,7,55,1,0,79.0,76.5,78.5,95.5,53.5,67.5,16.0,48.0,95.5,54.0,66.4
Demarcus Robinson,33,22,2.1,288,0,13.1,4,89,0,0,101.0,111.0,103.5,127.0,106.5,60.5,57.5,3.0,38.5,54.0,76.25
Courtland Sutton,84,42,5.2,704,0,16.8,4,42,0,0,41.0,44.0,57.0,65.0,106.5,13.0,57.5,85.5,38.5,54.0,56.2
Christian Kirk,68,43,5.7,590,0,13.7,3,75,0,0,53.0,60.5,53.5,54.0,106.5,49.5,72.0,15.0,38.5,54.0,55.65
Michael Gallup,68,33,4.2,507,0,15.4,2,49,0,0,66.0,60.5,78.5,84.5,106.5,21.5,90.0,67.0,38.5,54.0,66.7
Jakeem Grant,34,21,3.4,268,0,12.8,2,52,0,0,104.5,110.0,106.5,100.0,106.5,67.5,90.0,57.0,38.5,54.0,83.45
Laquon Treadwell,53,35,3.5,302,0,8.6,1,22,0,0,97.0,79.0,75.5,97.5,106.5,137.0,118.0,135.5,38.5,54.0,93.85
Geronimo Allison,30,20,6.0,303,0,15.2,2,64,1,0,96.0,116.5,111.0,44.0,106.5,26.0,90.0,33.5,95.5,54.0,77.3
D.J. Chark,32,14,2.9,174,0,12.4,0,38,1,1,128.0,112.0,130.5,110.5,106.5,78.5,139.5,98.5,95.5,122.0,112.15
Tim Patrick,41,23,2.6,315,0,13.7,1,26,2,1,92.0,100.5,101.5,120.0,106.5,49.5,118.0,125.0,126.5,122.0,106.15
Antonio Callaway,78,43,4.9,586,0,13.6,5,71,1,1,54.0,49.0,53.5,70.0,106.5,54.0,39.5,24.5,95.5,122.0,66.85
Russell Shepard,19,10,1.6,188,0,18.8,2,49,0,0,125.0,142.0,142.5,137.5,106.5,4.0,90.0,67.0,38.5,54.0,90.7
David Moore,52,26,3.2,445,1,17.1,5,54,2,0,77.0,81.5,95.5,106.5,53.5,9.0,39.5,52.5,126.5,54.0,69.55
Equanimeous St. Brown,36,21,3.0,328,0,15.6,0,54,0,0,90.0,105.5,106.5,108.0,106.5,19.0,139.5,52.5,38.5,54.0,82.0
Robert Foster,45,27,3.5,541,3,20.0,3,75,0,0,61.0,92.0,92.0,97.5,20.0,2.0,72.0,15.0,38.5,54.0,54.4
Trent Sherfield,28,19,2.2,210,0,11.1,1,21,0,0,117.5,122.5,115.5,125.5,106.5,103.5,118.0,137.0,38.5,54.0,103.85
Marquez Valdes-Scantling,72,38,4.5,581,2,15.3,2,60,0,0,55.0,54.5,67.5,73.5,32.0,23.0,90.0,38.5,38.5,54.0,52.65
Zach Pascal,45,27,2.8,268,0,9.9,2,28,0,0,104.5,92.0,92.0,114.0,106.5,127.5,90.0,116.5,38.5,54.0,93.55
Deandre Carter,25,22,1.8,216,0,9.8,0,50,5,1,115.0,130.0,103.5,133.0,106.5,129.0,139.5,63.5,145.0,122.0,118.7
D.J. Moore,82,55,5.1,788,1,14.3,2,82,4,3,31.0,45.0,41.5,66.0,53.5,40.5,90.0,5.0,143.5,145.0,66.1
Tre'Quan Smith,44,28,2.9,427,2,15.2,5,62,0,0,78.0,95.5,88.5,110.5,32.0,26.0,39.5,36.0,38.5,54.0,59.85
Daesean Hamilton,46,30,3.3,243,0,8.1,2,24,0,0,111.0,88.5,84.0,103.5,106.5,141.0,90.0,129.0,38.5,54.0,94.6
Marvin Hall,19,10,1.2,149,0,14.9,1,47,1,0,136.0,142.0,142.5,144.0,106.5,34.5,118.0,72.0,95.5,54.0,104.5
Chris Moore,25,19,1.6,196,0,10.3,1,30,0,0,122.0,130.0,115.5,137.5,106.5,116.5,118.0,111.5,38.5,54.0,105.0
Rashard Higgins,54,39,4.2,572,0,14.7,4,40,2,1,57.0,76.5,64.5,84.5,106.5,38.0,57.5,91.5,126.5,122.0,82.45
Alex Erickson,29,20,1.8,167,0,8.3,0,28,1,1,130.0,120.0,111.0,133.0,106.5,139.5,139.5,116.5,95.5,122.0,121.35
Kendrick Bourne,66,42,4.1,487,0,11.6,4,33,0,0,71.0,63.5,57.0,86.5,106.5,95.5,57.5,106.0,38.5,54.0,73.6
