NAME,TGT,REC,TGT/G,YDS,100+ YDS,YDS/REC,TD,LONG,FUM,FUML,YDS_rank,TGT_rank,REC_rank,TGT/G_rank,100+ YDS_rank,YDS/REC_rank,TD_rank,LONG_rank,FUM_rank,FUML_rank,overall,salary
Golden Tate,85,49,7.7,676,1,13.8,6,64,1,1,45.0,45.0,49.0,22.5,57.0,52.0,26.5,25.0,102.0,116.5,54.05,9375000
N'Keal Harry,24,12,3.4,105,0,8.8,2,18,0,0,133.0,122.5,125.5,94.5,102.5,127.0,84.0,132.5,44.0,51.0,101.65,2524587
DeAndre Hopkins,150,104,10.0,1165,5,11.2,7,43,0,0,10.0,5.0,2.5,4.0,6.5,99.0,15.5,79.5,44.0,51.0,31.7,16200000
Julio Jones,156,99,10.4,1394,6,14.1,6,54,1,0,2.0,2.0,5.0,3.0,2.5,41.0,26.5,40.5,102.0,51.0,27.55,22000000
Keenan Allen,149,104,9.3,1199,2,11.5,6,45,0,0,5.0,6.0,2.5,8.0,36.5,94.0,26.5,69.5,44.0,51.0,34.3,11250000
Davante Adams,127,83,10.6,997,5,12.0,5,58,2,1,26.0,13.0,12.5,2.0,6.5,85.5,40.5,31.5,123.5,116.5,45.75,14500000
Michael Thomas,185,149,11.6,1725,10,11.6,9,49,1,0,1.0,1.0,1.0,1.0,1.0,90.5,4.5,55.0,102.0,51.0,30.8,19250000
Tyreek Hill,89,58,7.4,860,2,14.8,7,57,0,0,31.0,42.5,37.0,26.5,36.5,36.5,15.5,34.5,44.0,51.0,35.5,18000000
Mike Evans,118,67,9.1,1157,3,17.3,8,67,0,0,11.0,19.5,24.5,10.0,21.0,12.0,9.5,18.0,44.0,51.0,22.05,16500000
Adam Thielen,48,30,4.8,418,1,13.9,6,44,0,0,76.0,82.0,80.5,68.0,57.0,48.0,26.5,74.5,44.0,51.0,60.75,16050000
Stefon Diggs,94,63,6.3,1130,5,17.9,6,66,4,3,13.0,34.0,30.5,45.5,6.5,8.5,26.5,20.0,135.5,136.5,45.65,14400000
T.Y. Hilton,69,45,6.9,501,0,11.1,5,35,0,0,66.0,61.0,54.0,34.0,102.5,102.0,40.5,98.5,44.0,51.0,65.35,13000000
Julian Edelman,154,100,9.6,1117,3,11.2,6,44,3,1,15.0,3.0,4.0,5.5,21.0,99.0,26.5,74.5,132.5,116.5,49.75,7750000
JuJu Smith-Schuster,72,42,6.0,552,1,13.1,3,76,1,1,59.0,56.5,60.5,49.0,57.0,68.5,65.0,7.0,102.0,116.5,64.1,1048945
Brandin Cooks,68,40,5.2,551,1,13.8,2,57,0,0,60.0,63.0,65.0,63.5,57.0,52.0,84.0,34.5,44.0,51.0,57.4,16200000
Alshon Jeffery,73,43,7.3,490,1,11.4,4,38,0,0,67.0,55.0,57.5,28.0,57.0,96.0,51.5,88.0,44.0,51.0,59.5,13000000
Marvin Jones,92,62,7.1,779,2,12.6,9,47,0,0,36.0,37.5,32.5,31.0,36.5,76.5,4.5,62.0,44.0,51.0,41.15,8000000
Robert Woods,131,84,9.4,1037,3,12.3,2,48,0,0,22.0,11.0,11.0,7.0,21.0,81.0,84.0,58.0,44.0,51.0,39.0,6800000
Cooper Kupp,124,88,8.3,1126,5,12.8,10,66,3,0,14.0,15.0,8.0,15.5,6.5,75.0,2.0,20.0,132.5,51.0,33.95,957940
Tyler Lockett,110,82,6.9,1057,4,12.9,8,44,1,0,19.0,24.0,14.0,34.0,12.5,73.0,9.5,74.5,102.0,51.0,41.35,10250000
Marquise Goodwin,21,12,2.3,186,0,15.5,1,38,0,0,119.5,130.0,125.5,118.0,102.5,25.5,106.5,88.0,44.0,51.0,91.05,6416667
Larry Fitzgerald,109,75,6.8,804,2,10.7,4,54,1,1,34.0,25.0,17.0,36.5,36.5,104.5,51.5,40.5,102.0,116.5,56.4,11500000
Allen Robinson,153,98,9.6,1147,3,11.7,7,49,0,0,12.0,4.0,6.0,5.5,21.0,88.0,15.5,55.0,44.0,51.0,30.2,14000000
Tyler Boyd,147,90,9.2,1046,4,11.6,5,47,2,2,21.0,7.0,7.0,9.0,12.5,90.5,40.5,62.0,123.5,133.5,50.65,10750000
Cole Beasley,104,67,6.9,778,2,11.6,6,51,0,0,37.5,28.0,24.5,34.0,36.5,90.5,26.5,49.0,44.0,51.0,42.15,7250000
Kenny Golladay,116,65,7.2,1190,5,18.3,11,75,1,1,6.0,21.0,29.0,29.5,6.5,5.0,1.0,9.0,102.0,116.5,32.55,799081
Sterling Shepard,85,57,8.5,576,2,10.1,3,36,0,0,56.0,45.0,39.5,13.5,36.5,113.5,65.0,94.5,44.0,51.0,55.85,10250000
Chris Godwin,119,86,8.5,1333,6,15.5,9,71,0,0,3.0,17.5,10.0,13.5,2.5,25.5,4.5,12.0,44.0,51.0,18.35,821041
Mike Williams,90,49,6.0,1001,2,20.4,2,56,0,0,25.0,40.0,49.0,49.0,36.5,3.0,84.0,36.0,44.0,51.0,41.75,4937482
Jarvis Landry,138,83,8.6,1174,2,14.1,6,65,0,0,9.0,8.0,12.5,12.0,36.5,41.0,26.5,23.0,44.0,51.0,26.35,15100000
Kenny Stills,55,40,4.2,561,1,14.0,4,45,0,0,58.0,75.5,65.0,80.5,57.0,45.0,51.5,69.5,44.0,51.0,59.7,8000000
Sammy Watkins,90,52,6.4,673,1,12.9,3,68,2,1,46.0,40.0,44.5,43.5,57.0,73.0,65.0,17.0,123.5,116.5,62.6,16000000
Corey Davis,69,43,4.6,601,0,14.0,2,38,1,0,55.0,61.0,57.5,71.5,102.5,45.0,84.0,88.0,102.0,51.0,71.75,6348672
Dante Pettis,24,11,2.2,109,0,9.9,2,21,0,0,132.0,122.5,130.5,121.0,102.5,116.0,84.0,128.0,44.0,51.0,103.15,1600140
Tyrell Williams,64,42,4.6,651,1,15.5,6,46,0,0,50.0,65.5,60.5,71.5,57.0,25.5,26.5,66.0,44.0,51.0,51.75,11075000
Will Fuller,71,49,6.5,670,2,13.7,3,54,1,0,47.0,58.5,49.0,42.0,36.5,57.0,65.0,40.5,102.0,51.0,54.85,2541078
Mohamed Sanu,89,59,5.9,520,0,8.8,2,28,0,0,64.0,42.5,34.5,51.5,102.5,127.0,84.0,117.0,44.0,51.0,71.8,6500000
Danny Amendola,96,62,6.4,678,3,10.9,1,47,0,0,44.0,32.5,32.5,43.5,21.0,103.0,106.5,62.0,44.0,51.0,54.0,5000000
Willie Snead,43,29,2.9,325,0,11.2,3,50,0,0,89.0,92.5,84.0,102.5,102.5,99.0,65.0,52.0,44.0,51.0,78.15,6000000
Dede Westbrook,101,66,6.7,660,1,10.0,3,39,1,0,48.0,29.0,27.0,39.0,57.0,115.0,65.0,85.0,102.0,51.0,61.8,769039
John Brown,115,72,7.7,1060,2,14.7,6,53,0,0,18.0,22.0,21.0,22.5,36.5,38.0,26.5,44.0,44.0,51.0,32.35,9000000
Anthony Miller,85,52,5.3,656,2,12.6,2,35,1,1,49.0,45.0,44.5,61.0,36.5,76.5,84.0,98.5,102.0,116.5,71.35,1338425
Albert Wilson,62,43,4.8,351,0,8.2,1,35,0,0,87.0,67.0,57.5,68.0,102.5,133.0,106.5,98.5,44.0,51.0,81.5,8000000
Calvin Ridley,93,63,7.2,866,2,13.7,7,36,0,0,30.0,35.5,30.5,29.5,36.5,57.0,15.5,94.5,44.0,51.0,42.4,2725178
Curtis Samuel,107,54,6.7,627,0,11.6,6,44,0,0,52.0,26.5,42.0,39.0,102.5,90.5,26.5,74.5,44.0,51.0,54.85,1613421
Jamison Crowder,122,78,7.6,834,0,10.7,6,41,0,0,32.0,16.0,16.0,24.0,102.5,104.5,26.5,83.5,44.0,51.0,50.0,9500000
Adam Humphries,47,37,3.9,374,0,10.1,2,30,1,0,79.0,85.0,68.0,86.5,102.5,113.5,84.0,112.5,102.0,51.0,88.4,9000000
Zay Jones,45,27,3.0,216,0,8.0,0,23,0,0,112.0,88.5,92.0,100.5,102.5,134.0,128.0,125.0,44.0,51.0,97.75,1694958
Marquise Brown,64,41,4.9,542,1,13.2,5,83,0,0,61.0,65.5,62.5,65.5,57.0,65.5,40.5,4.5,44.0,51.0,51.7,2946835
Michael Gallup,112,66,8.0,1107,4,16.8,6,62,0,0,17.0,23.0,27.0,18.5,12.5,14.0,26.5,26.0,44.0,51.0,25.95,880995
Christian Kirk,107,68,8.2,709,2,10.4,3,69,0,0,42.0,26.5,23.0,17.0,36.5,110.0,65.0,15.5,44.0,51.0,43.05,1473717
John Ross,56,28,7.0,506,2,18.1,3,66,1,1,65.0,72.0,88.0,32.0,36.5,7.0,65.0,20.0,102.0,116.5,60.4,4278966
Allen Hurns,48,32,3.4,416,0,13.0,2,27,1,1,77.0,82.0,75.5,94.5,102.5,70.5,84.0,121.0,102.0,116.5,92.55,3500000
James Washington,80,44,5.3,735,1,16.7,3,79,1,1,41.0,52.0,55.0,61.0,57.0,16.5,65.0,6.0,102.0,116.5,57.2,1125336
Courtland Sutton,125,72,7.8,1112,2,15.4,6,70,2,0,16.0,14.0,21.0,21.0,36.5,29.0,26.5,13.5,123.5,51.0,35.2,1710480
Josh Reynolds,42,19,2.8,318,0,16.7,1,31,0,0,90.0,95.0,107.0,106.0,102.5,16.5,106.5,109.0,44.0,51.0,82.75,762005
A.J. Brown,84,52,5.2,1051,5,20.2,8,91,1,0,20.0,47.0,44.5,63.5,6.5,4.0,9.5,2.0,102.0,51.0,35.0,1413092
Jakeem Grant,32,19,3.2,164,0,8.6,0,18,2,1,126.0,110.0,107.0,98.5,102.5,129.0,128.0,132.5,123.5,116.5,117.35,4925000
D.K. Metcalf,100,58,6.2,900,1,15.5,7,54,3,3,28.0,30.0,37.0,47.0,57.0,25.5,15.5,40.5,132.5,136.5,54.95,1146513
Darius Slayton,83,48,5.9,740,2,15.4,8,55,0,0,40.0,48.5,52.0,51.5,36.5,29.0,9.5,37.5,44.0,51.0,39.95,688497
Chris Conley,90,47,5.6,775,1,16.5,5,70,0,0,39.0,40.0,53.0,55.0,57.0,19.0,40.5,13.5,44.0,51.0,41.2,2297500
Cordarrelle Patterson,17,11,1.1,83,0,7.5,0,33,0,0,135.0,136.5,130.5,137.0,102.5,135.5,128.0,104.0,44.0,51.0,110.4,5000000
Hunter Renfrow,71,49,5.5,605,2,12.3,4,65,1,0,54.0,58.5,49.0,56.5,36.5,81.0,51.5,23.0,102.0,51.0,56.3,708987
Deebo Samuel,81,57,5.4,802,3,14.1,3,42,2,1,35.0,50.5,39.5,58.5,21.0,41.0,65.0,82.0,123.5,116.5,63.25,1811869
Terry McLaurin,93,58,6.6,919,3,15.8,7,75,0,0,27.0,35.5,37.0,41.0,21.0,22.5,15.5,9.0,44.0,51.0,30.35,961918
Miles Boykin,20,11,1.3,144,0,13.1,3,50,0,0,128.0,132.5,130.5,136.0,102.5,68.5,65.0,52.0,44.0,51.0,91.0,893732
Keke Coutee,36,22,4.0,254,0,11.5,0,51,1,1,100.0,102.5,104.0,84.0,102.5,94.0,128.0,49.0,102.0,116.5,98.25,797257
Mecole Hardman,41,26,2.6,538,0,20.7,6,83,2,2,62.0,97.5,95.5,111.5,102.5,2.0,26.5,4.5,123.5,133.5,75.9,1248763
Diontae Johnson,92,59,5.8,680,0,11.5,5,45,5,2,43.0,37.5,34.5,53.0,102.5,94.0,40.5,69.5,137.0,133.5,74.5,1070241
Daesean Hamilton,52,28,3.2,297,0,10.6,1,28,0,0,94.0,79.5,88.0,98.5,102.5,107.5,106.5,117.0,44.0,51.0,88.85,785660
Parris Campbell,24,18,3.4,127,0,7.1,1,27,3,1,129.0,122.5,110.5,94.5,102.5,137.0,106.5,121.0,132.5,116.5,117.25,1193984
Keesean Johnson,42,21,4.2,187,0,8.9,1,31,1,1,118.0,95.0,105.0,80.5,102.5,125.0,106.5,109.0,102.0,116.5,106.0,682328
Mack Hollins,23,10,1.4,125,0,12.5,0,20,0,0,130.0,126.0,133.5,133.5,102.5,78.5,128.0,129.0,44.0,51.0,105.6,758917
Justin Watson,26,15,1.6,159,0,10.6,2,17,0,0,127.0,117.0,119.5,128.0,102.5,107.5,84.0,134.5,44.0,51.0,101.5,690435
D.J. Moore,135,87,9.0,1175,4,13.5,4,52,2,1,8.0,9.0,9.0,11.0,12.5,62.0,51.5,46.5,123.5,116.5,44.95,2792829
Alex Erickson,78,43,4.9,529,1,12.3,0,52,4,2,63.0,53.0,57.5,65.5,57.0,81.0,128.0,46.5,135.5,133.5,82.05,2340000
