NAME,TGT,REC,TGT/G,YDS,100+ YDS,YDS/REC,TD,LONG,FUM,FUML,YDS_rank,TGT_rank,REC_rank,TGT/G_rank,100+ YDS_rank,YDS/REC_rank,TD_rank,LONG_rank,FUM_rank,FUML_rank,overall,salary
Curtis Samuel,65,39,5.0,494,0,12.7,5,53,1,1,68.5,65.5,64.5,68.0,106.5,70.5,39.5,55.0,95.5,122.0,75.55,1613421
Will Fuller,45,32,6.4,503,3,15.7,4,73,0,0,67.0,92.0,81.0,35.5,20.0,18.0,57.5,21.0,38.5,54.0,48.45,2541078
Alshon Jeffery,92,65,7.1,843,2,13.0,6,52,1,0,25.0,38.5,30.0,24.5,32.0,62.5,25.0,57.0,95.5,54.0,44.4,13000000
Martavis Bryant,27,19,3.4,266,0,14.0,0,47,1,1,106.0,125.5,115.5,100.0,106.5,44.0,139.5,72.0,95.5,122.0,102.65,1907000
Julian Edelman,108,74,9.0,850,2,11.5,6,36,1,0,24.0,21.5,20.5,11.0,32.0,98.0,25.0,101.0,95.5,54.0,48.25,5500000
Jermaine Kearse,76,37,5.4,371,0,10.0,1,29,0,0,86.0,51.0,71.0,61.5,106.5,124.0,118.0,113.5,38.5,54.0,82.4,4500000
Julio Jones,170,113,10.6,1677,10,14.8,8,58,2,2,1.0,1.0,3.5,3.0,1.0,36.5,11.5,40.5,126.5,140.5,36.5,14251209
Antonio Brown,169,104,11.3,1297,5,12.5,15,78,0,0,9.0,2.5,7.0,1.5,9.0,74.5,1.0,8.0,38.5,54.0,20.5,17000000
Keenan Allen,137,97,8.6,1196,3,12.3,6,54,3,1,13.0,11.5,9.0,14.5,20.0,82.0,25.0,52.5,140.5,122.0,49.0,11250000
DeAndre Hopkins,163,115,10.2,1572,7,13.7,11,49,2,2,2.0,5.0,2.0,6.0,5.0,49.5,4.0,67.0,126.5,140.5,40.75,16200000
Golden Tate,113,74,7.5,795,2,10.7,4,67,2,0,30.0,18.0,20.5,21.0,32.0,109.5,57.5,29.5,126.5,54.0,49.85,6200000
Doug Baldwin,73,50,5.6,618,1,12.4,5,42,0,0,51.0,53.0,45.5,57.0,53.5,78.5,39.5,85.5,38.5,54.0,55.6,11500000
Adam Thielen,155,113,9.7,1373,9,12.2,9,68,1,1,8.0,6.0,3.5,8.0,2.0,85.0,9.0,27.5,95.5,122.0,36.65,4811500
Michael Thomas,147,125,9.2,1405,4,11.2,9,72,2,2,6.0,9.0,1.0,10.0,13.5,101.0,9.0,22.5,126.5,140.5,43.9,2000000
Michael Thomas,147,125,9.2,1405,4,11.2,9,72,2,2,6.0,9.0,1.0,10.0,13.5,101.0,9.0,22.5,126.5,140.5,43.9,1279743
Marvin Jones,62,35,6.9,508,1,14.5,5,39,0,0,65.0,69.0,75.5,29.0,53.5,39.0,39.5,95.5,38.5,54.0,55.85,8000000
Davante Adams,169,111,11.3,1386,5,12.5,13,57,0,0,7.0,2.5,5.5,1.5,9.0,74.5,2.0,43.0,38.5,54.0,23.75,14500000
Brandin Cooks,116,80,7.2,1204,5,15.1,5,57,1,0,12.0,17.0,14.0,22.5,9.0,29.5,39.5,43.0,95.5,54.0,33.6,16200000
Stefon Diggs,148,102,9.9,1021,4,10.0,9,75,0,0,17.0,8.0,8.0,7.0,13.5,124.0,9.0,15.0,38.5,54.0,29.4,14400000
T.Y. Hilton,120,76,8.6,1270,5,16.7,6,68,0,0,10.0,15.0,17.0,14.5,9.0,14.0,25.0,27.5,38.5,54.0,22.45,13000000
DeSean Jackson,75,41,6.2,774,3,18.9,4,75,0,0,32.0,52.0,60.0,39.5,20.0,3.0,57.5,15.0,38.5,54.0,37.15,11166667
Mike Evans,139,86,8.7,1524,8,17.7,8,72,2,1,3.0,10.0,11.5,12.0,3.5,6.0,11.5,22.5,126.5,122.0,32.85,16500000
Larry Fitzgerald,112,69,7.0,734,1,10.6,6,37,0,0,38.0,19.5,24.0,27.0,53.5,111.0,25.0,100.0,38.5,54.0,49.05,11000000
Emmanuel Sanders,98,71,8.2,868,3,12.2,4,64,1,0,23.0,29.0,22.0,17.5,20.0,85.0,57.5,33.5,95.5,54.0,43.7,11000000
Paul Richardson,35,20,5.0,262,0,13.1,2,46,0,0,107.0,108.0,111.0,68.0,106.5,60.5,90.0,75.0,38.5,54.0,81.85,8000000
Demaryius Thomas,89,59,5.9,677,1,11.5,5,45,0,0,44.0,40.5,37.0,48.5,53.5,98.0,39.5,77.5,38.5,54.0,53.1,14000000
Kenny Stills,64,37,4.3,553,2,14.9,6,75,1,0,59.0,67.5,71.0,81.0,32.0,34.5,25.0,15.0,95.5,54.0,53.45,8000000
Pierre Garcon,45,24,5.6,286,0,11.9,1,25,0,0,103.0,92.0,99.5,57.0,106.5,89.5,118.0,127.0,38.5,54.0,88.5,9500000
Amari Cooper,107,75,7.1,1004,4,13.4,7,90,2,2,18.0,23.5,19.0,24.5,13.5,57.5,16.0,2.0,126.5,140.5,44.1,5665779
Sammy Watkins,55,40,5.5,519,2,13.0,3,50,1,0,64.0,75.0,62.5,60.0,32.0,62.5,72.0,63.5,95.5,54.0,64.1,16000000
Jordy Nelson,88,63,5.9,739,1,11.7,3,66,1,0,35.0,42.0,34.0,48.5,53.5,93.5,72.0,31.5,95.5,54.0,55.95,7100000
Jarvis Landry,149,81,9.3,976,4,12.0,4,51,1,1,19.0,7.0,13.0,9.0,13.5,88.0,57.5,60.5,95.5,122.0,48.5,15100000
Marquise Goodwin,43,23,3.9,395,1,17.2,4,67,1,0,81.0,97.0,101.5,89.5,53.5,8.0,57.5,29.5,95.5,54.0,66.7,6416667
Allen Robinson,94,55,7.2,754,1,13.7,4,43,1,1,33.0,34.5,41.5,22.5,53.5,49.5,57.5,82.0,95.5,122.0,59.15,14000000
Mohamed Sanu,94,66,5.9,838,1,12.7,4,44,1,1,27.0,34.5,27.0,48.5,53.5,70.5,57.5,80.0,95.5,122.0,61.6,6500000
Tyler Lockett,71,57,4.4,965,1,16.9,10,52,2,0,20.0,56.5,39.0,77.0,53.5,12.0,6.0,57.0,126.5,54.0,50.15,10250000
Danny Amendola,79,59,5.3,575,0,9.7,1,39,2,0,56.0,47.0,37.0,63.5,106.5,130.0,118.0,95.5,126.5,54.0,83.4,6000000
Robert Woods,131,86,8.2,1219,3,14.2,6,39,0,0,11.0,13.0,11.5,17.5,20.0,42.5,25.0,95.5,38.5,54.0,32.85,6800000
Sterling Shepard,107,66,6.7,872,2,13.2,4,58,1,0,22.0,23.5,27.0,32.0,32.0,59.0,57.5,40.5,95.5,54.0,44.3,1486143
Taylor Gabriel,93,67,5.8,688,2,10.3,2,54,1,1,43.0,36.5,25.0,52.5,32.0,116.5,90.0,52.5,95.5,122.0,66.55,6500000
Devin Funchess,79,44,5.6,549,0,12.5,4,27,0,0,60.0,47.0,50.5,57.0,106.5,74.5,57.5,121.0,38.5,54.0,66.65,1380222
Nelson Agholor,97,64,6.1,736,1,11.5,4,83,1,0,37.0,30.5,32.5,41.5,53.5,98.0,57.5,4.0,95.5,54.0,50.4,2344344
Travis Benjamin,24,12,2.0,186,0,15.5,1,46,0,0,126.0,133.5,137.0,129.0,106.5,20.0,118.0,75.0,38.5,54.0,93.75,6000000
Michael Crabtree,100,54,6.2,607,0,11.2,3,27,0,0,52.0,28.0,43.0,39.5,106.5,101.0,72.0,121.0,38.5,54.0,65.55,7000000
Brandon Marshall,23,11,3.3,136,0,12.4,1,27,0,0,138.0,136.0,139.0,103.5,106.5,78.5,118.0,121.0,38.5,54.0,103.3,8000000
Allen Hurns,36,20,2.2,295,0,14.8,2,49,1,0,99.0,105.5,111.0,125.5,106.5,36.5,90.0,67.0,95.5,54.0,89.05,6000000
Adam Humphries,104,76,6.5,816,0,10.7,5,51,2,0,29.0,25.0,17.0,34.0,106.5,109.5,39.5,60.5,126.5,54.0,60.15,2914000
Randall Cobb,61,38,6.8,383,1,10.1,2,75,2,1,84.0,70.0,67.5,30.5,53.5,120.5,90.0,15.0,126.5,122.0,77.95,10000000
Tyrell Williams,64,41,4.0,653,2,15.9,5,75,2,0,48.0,67.5,60.0,88.0,32.0,16.0,39.5,15.0,126.5,54.0,54.65,2914000
Donte Moncrief,89,48,5.6,668,1,13.9,3,80,1,1,46.0,40.5,47.0,57.0,53.5,45.5,72.0,6.0,95.5,122.0,58.5,9600000
Chris Hogan,53,35,3.3,532,0,15.2,3,63,0,0,62.5,79.0,75.5,103.5,106.5,26.0,72.0,35.0,38.5,54.0,65.25,4000000
Mike Williams,66,43,4.1,664,0,15.4,10,55,0,0,47.0,63.5,53.5,86.5,106.5,21.5,6.0,48.0,38.5,54.0,52.5,4937482
Cole Beasley,86,65,5.4,672,1,10.3,3,32,0,0,45.0,43.0,30.0,61.5,53.5,116.5,72.0,109.0,38.5,54.0,62.3,3401500
Jaron Brown,20,14,1.3,166,0,11.9,5,45,0,0,131.0,139.5,130.5,143.0,106.5,89.5,39.5,77.5,38.5,54.0,94.95,2750000
Calvin Ridley,92,64,5.8,821,1,12.8,10,75,2,1,28.0,38.5,32.5,52.5,53.5,67.5,6.0,15.0,126.5,122.0,54.2,2725178
Torrey Smith,30,17,2.7,190,0,11.2,2,35,0,0,123.5,116.5,121.0,117.0,106.5,101.0,90.0,102.5,38.5,54.0,97.05,5000000
Cooper Kupp,56,40,7.0,566,1,14.2,6,70,0,0,58.0,73.5,62.5,27.0,53.5,42.5,25.0,26.0,38.5,54.0,46.05,957940
Corey Davis,112,65,7.0,891,2,13.7,4,51,1,0,21.0,19.5,30.0,27.0,32.0,49.5,57.5,60.5,95.5,54.0,44.65,6348672
Albert Wilson,35,26,5.0,391,1,15.0,4,75,0,0,82.0,108.0,95.5,68.0,53.5,32.0,57.5,15.0,38.5,54.0,60.4,8000000
JuJu Smith-Schuster,166,111,10.4,1426,8,12.8,7,97,1,1,5.0,4.0,5.5,4.0,3.5,67.5,16.0,1.0,95.5,122.0,32.4,1048945
Andre Holmes,24,13,1.6,162,0,12.5,0,24,0,0,132.0,133.5,134.5,137.5,106.5,74.5,139.5,129.0,38.5,54.0,107.95,1716667
Josh Doctson,79,44,5.3,532,0,12.1,2,32,0,0,62.5,47.0,50.5,63.5,106.5,87.0,90.0,109.0,38.5,54.0,70.85,2512411
Taywan Taylor,56,37,4.3,466,1,12.6,1,55,1,1,74.0,73.5,71.0,81.0,53.5,72.0,118.0,48.0,95.5,122.0,80.85,920253
Quincy Enunwa,69,38,6.3,449,0,11.8,1,42,2,1,75.0,59.0,67.5,37.5,106.5,91.5,118.0,85.5,126.5,122.0,88.9,2914000
Cordarrelle Patterson,28,21,1.9,247,0,11.8,3,55,1,1,110.0,122.5,106.5,131.0,106.5,91.5,72.0,48.0,95.5,122.0,100.55,4250000
Zay Jones,102,56,6.4,652,0,11.6,7,57,1,0,49.0,26.0,40.0,35.5,106.5,95.5,16.0,43.0,95.5,54.0,56.1,1694958
John Brown,97,42,6.1,715,2,17.0,5,71,0,0,40.0,30.5,57.0,41.5,32.0,10.5,39.5,24.5,38.5,54.0,36.8,5000000
Tyler Boyd,108,76,7.7,1028,3,13.5,7,49,0,0,16.0,21.5,17.0,20.0,20.0,56.0,16.0,67.0,38.5,54.0,32.6,10762500
James Washington,38,16,2.7,217,0,13.6,1,47,0,0,114.0,104.0,125.5,117.0,106.5,54.0,118.0,72.0,38.5,54.0,90.35,1125336
Ryan Grant,51,35,3.6,334,0,9.5,1,23,0,0,88.5,83.0,75.5,95.5,106.5,132.0,118.0,132.5,38.5,54.0,92.4,5000000
Seth Roberts,65,45,4.3,494,0,11.0,2,44,0,0,68.5,65.5,49.0,81.0,106.5,105.0,90.0,80.0,38.5,54.0,73.8,4000000
John Ross,58,21,4.5,210,0,10.0,7,39,0,0,117.5,72.0,106.5,73.5,106.5,124.0,16.0,95.5,38.5,54.0,80.4,4278966
Josh Bellamy,26,14,1.6,117,0,8.4,1,20,0,0,141.0,127.5,130.5,137.5,106.5,138.0,118.0,139.5,38.5,54.0,113.1,1907000
Jarius Wright,59,43,3.7,447,0,10.4,1,33,3,1,76.0,71.0,53.5,94.0,106.5,113.5,118.0,106.0,140.5,122.0,100.1,2500000
Willie Snead,95,62,5.9,651,0,10.5,1,28,0,0,50.0,32.5,35.0,48.5,106.5,112.0,118.0,116.5,38.5,54.0,71.15,3500000
TJ Jones,26,19,1.7,190,0,10.0,2,26,0,0,123.5,127.5,115.5,135.0,106.5,124.0,90.0,125.0,38.5,54.0,103.95,1907000
Andre Roberts,18,10,1.1,79,0,7.9,1,20,3,1,144.0,144.0,142.5,145.0,106.5,142.0,118.0,139.5,140.5,122.0,134.4,1005000
Phillip Dorsett,42,32,2.6,290,0,9.1,3,20,0,0,100.0,98.5,81.0,120.0,106.5,135.5,72.0,139.5,38.5,54.0,94.55,2033854
Dante Pettis,45,27,3.8,467,1,17.3,5,75,2,0,73.0,92.0,92.0,92.0,53.5,7.0,39.5,15.0,126.5,54.0,64.45,1600140
Anthony Miller,54,33,3.6,423,1,12.8,7,55,1,0,79.0,76.5,78.5,95.5,53.5,67.5,16.0,48.0,95.5,54.0,66.4,1338425
Courtland Sutton,84,42,5.2,704,0,16.8,4,42,0,0,41.0,44.0,57.0,65.0,106.5,13.0,57.5,85.5,38.5,54.0,56.2,1710480
Christian Kirk,68,43,5.7,590,0,13.7,3,75,0,0,53.0,60.5,53.5,54.0,106.5,49.5,72.0,15.0,38.5,54.0,55.65,1473717
Michael Gallup,68,33,4.2,507,0,15.4,2,49,0,0,66.0,60.5,78.5,84.5,106.5,21.5,90.0,67.0,38.5,54.0,66.7,880995
Laquon Treadwell,53,35,3.5,302,0,8.6,1,22,0,0,97.0,79.0,75.5,97.5,106.5,137.0,118.0,135.5,38.5,54.0,93.85,2483745
Russell Shepard,19,10,1.6,188,0,18.8,2,49,0,0,125.0,142.0,142.5,137.5,106.5,4.0,90.0,67.0,38.5,54.0,90.7,1250000
D.J. Moore,82,55,5.1,788,1,14.3,2,82,4,3,31.0,45.0,41.5,66.0,53.5,40.5,90.0,5.0,143.5,145.0,66.1,2792829
Alex Erickson,29,20,1.8,167,0,8.3,0,28,1,1,130.0,120.0,111.0,133.0,106.5,139.5,139.5,116.5,95.5,122.0,121.35,2340000
