NAME,TGT,REC,TGT/G,YDS,100+ YDS,YDS/REC,TD,LONG,FUM,FUML,YDS_rank,TGT_rank,REC_rank,TGT/G_rank,100+ YDS_rank,YDS/REC_rank,TD_rank,LONG_rank,FUM_rank,FUML_rank,overall,salary
Antonio Brown,162,101,11.6,1533,8,204.7,9,57,4,0,1.0,2.0,5.0,1.5,1.0,34.0,4.5,41.0,135.5,54.0,27.95,17000000
Julio Jones,148,88,9.2,1444,4,260.2,3,53,0,0,2.0,7.0,9.0,8.0,6.0,5.0,57.0,54.5,40.5,54.0,24.3,14251209
Larry Fitzgerald,161,109,10.1,1156,4,160.9,6,37,1,1,8.0,3.5,2.0,4.5,6.0,57.0,23.0,97.0,98.5,118.5,41.8,11000000
Doug Baldwin,116,75,7.2,991,2,220.7,8,54,0,0,14.0,16.0,12.0,23.5,21.0,15.0,10.0,49.0,40.5,54.0,25.5,11500000
Brandin Cooks,114,65,7.1,1082,2,278.3,7,64,0,0,10.0,17.5,20.5,26.0,21.0,3.0,16.5,24.5,40.5,54.0,23.35,2095863
DeAndre Hopkins,174,96,11.6,1378,5,217.2,13,72,1,1,4.0,1.0,6.0,1.5,3.0,22.5,1.0,14.0,98.5,118.5,27.0,16200000
Keenan Allen,159,102,9.9,1393,7,220.6,6,51,1,0,3.0,5.0,4.0,6.0,2.0,16.0,23.0,61.0,98.5,54.0,27.25,11250000
Dez Bryant,132,69,8.2,838,0,215.2,6,50,1,1,26.0,12.0,16.0,16.0,99.5,26.0,23.0,63.5,98.5,118.5,49.9,14000000
Jordy Nelson,88,53,5.9,482,0,129.6,6,58,0,0,66.0,41.0,43.5,50.0,99.5,87.0,23.0,38.5,40.5,54.0,54.3,9762500
Mike Evans,136,71,9.1,1001,1,220.4,5,42,1,0,13.0,11.0,15.0,9.0,43.0,18.0,31.0,84.0,98.5,54.0,37.65,3657876
T.Y. Hilton,109,57,6.8,966,4,239.0,4,80,2,1,16.0,20.0,36.0,33.5,6.0,11.0,41.0,5.0,122.0,118.5,40.9,13000000
Demaryius Thomas,140,83,8.8,949,1,178.9,5,40,1,1,18.0,10.0,10.0,12.0,43.0,46.0,31.0,90.0,98.5,118.5,47.7,14000000
Golden Tate,120,92,7.5,1003,3,165.1,5,71,1,1,12.0,13.5,7.0,19.5,12.0,55.0,31.0,16.0,98.5,118.5,38.3,6200000
Emmanuel Sanders,92,47,7.7,555,1,147.2,2,38,0,0,57.0,36.0,52.0,17.0,43.0,73.0,79.0,94.5,40.5,54.0,54.6,11000000
Amari Cooper,96,48,6.9,680,2,166.5,7,87,1,0,42.0,29.5,50.5,30.5,21.0,53.0,16.5,3.0,98.5,54.0,39.85,5665779
Davante Adams,117,74,8.4,885,1,168.9,10,55,0,0,21.0,15.0,14.0,14.5,43.0,49.0,2.0,45.0,40.5,54.0,29.8,14500000
Michael Crabtree,101,58,7.2,618,0,125.6,8,41,1,0,48.0,27.0,33.0,23.5,99.5,90.0,10.0,86.0,98.5,54.0,56.95,8500000
Michael Thomas,149,104,9.3,1245,2,191.6,5,43,0,0,6.0,6.0,3.0,7.0,21.0,41.0,31.0,82.0,40.5,54.0,29.15,1797000
Michael Thomas,149,104,9.3,1245,2,191.6,5,43,0,0,6.0,6.0,3.0,7.0,21.0,41.0,31.0,82.0,40.5,54.0,29.15,1279743
Chris Hogan,59,34,6.6,439,0,111.6,5,47,0,0,71.0,75.0,71.5,37.5,99.5,98.0,31.0,69.5,40.5,54.0,64.75,4000000
Brandon Marshall,33,18,6.6,154,0,50.4,0,18,0,0,120.0,109.5,110.5,37.5,99.5,132.0,127.5,135.0,40.5,54.0,96.6,8000000
Brandon Marshall,33,18,6.6,154,0,50.4,0,18,0,0,120.0,109.5,110.5,37.5,99.5,132.0,127.5,135.0,40.5,54.0,96.6,5500000
Eric Decker,83,54,5.2,563,0,148.8,1,29,0,0,55.0,48.0,41.0,61.5,99.5,71.0,103.0,115.0,40.5,54.0,68.85,4000000
Adam Thielen,143,91,8.9,1276,4,217.8,4,65,3,2,5.0,9.0,8.0,11.0,6.0,21.0,41.0,21.5,130.5,133.5,38.65,4811500
Alshon Jeffery,120,57,7.5,789,0,214.1,9,53,0,0,29.5,13.5,36.0,19.5,99.5,27.0,4.5,54.5,40.5,54.0,37.85,13000000
Taylor Gabriel,51,33,3.2,378,0,144.4,1,40,0,0,78.0,82.5,74.0,99.0,99.5,75.0,103.0,90.0,40.5,54.0,79.55,2746000
Jermaine Kearse,102,65,6.4,810,2,201.6,5,51,1,0,27.0,26.0,20.5,41.0,21.0,37.0,31.0,61.0,98.5,54.0,41.7,4500000
Corey Davis,65,34,5.9,375,0,100.5,0,37,1,1,80.0,67.5,71.5,50.0,99.5,105.0,127.5,97.0,98.5,118.5,91.5,6348672
Sterling Shepard,84,59,7.6,731,3,131.8,2,77,1,0,36.0,45.5,30.5,18.0,12.0,85.0,79.0,7.5,98.5,54.0,46.6,1486143
Rishard Matthews,87,53,6.2,795,1,204.3,4,75,0,0,28.0,42.5,43.5,45.0,43.0,35.0,41.0,10.0,40.5,54.0,38.25,5000000
Randall Cobb,92,66,6.1,653,0,142.7,4,46,1,0,46.0,36.0,18.5,46.5,99.5,78.0,41.0,72.5,98.5,54.0,59.05,10000000
DeSean Jackson,90,50,6.4,668,1,185.7,3,41,0,0,44.0,39.0,48.5,41.0,43.0,44.0,57.0,86.0,40.5,54.0,49.7,11166667
Pierre Garcon,67,40,8.4,500,1,92.6,0,59,0,0,64.0,65.0,61.5,14.5,43.0,110.0,127.5,35.0,40.5,54.0,61.5,9500000
JuJu Smith-Schuster,79,58,5.6,917,3,195.6,7,97,0,0,20.0,51.0,33.0,56.0,12.0,39.0,16.5,1.0,40.5,54.0,32.3,1048945
Terrelle Pryor,37,20,4.1,240,0,82.5,1,44,0,0,104.5,101.5,101.5,83.0,99.5,116.0,103.0,79.0,40.5,54.0,88.25,6000000
Will Fuller,50,28,5.0,423,1,152.8,7,59,0,0,74.0,84.5,81.5,64.5,43.0,65.0,16.5,35.0,40.5,54.0,55.85,2541078
Allen Hurns,56,39,5.6,484,1,120.9,2,50,0,0,65.0,78.5,63.5,56.0,43.0,94.0,79.0,63.5,40.5,54.0,63.7,10162500
Taywan Taylor,28,16,1.8,231,0,131.0,1,53,0,0,106.0,115.0,116.0,125.0,99.5,86.0,103.0,54.5,40.5,54.0,89.95,920253
Devin Funchess,111,63,6.9,840,1,219.2,8,44,0,0,25.0,19.0,23.5,30.5,43.0,20.0,10.0,79.0,40.5,54.0,34.45,1380222
Mike Wallace,92,52,6.1,748,2,206.9,4,66,0,0,34.5,36.0,46.5,46.5,21.0,33.0,41.0,20.0,40.5,54.0,37.3,5750000
Travis Benjamin,65,34,4.1,567,1,216.8,4,62,2,0,54.0,67.5,71.5,83.0,43.0,25.0,41.0,28.0,122.0,54.0,58.9,6000000
Marqise Lee,96,56,6.9,702,0,161.1,3,45,1,0,40.0,29.5,39.0,30.5,99.5,56.0,57.0,76.0,98.5,54.0,58.0,1293506
Corey Coleman,57,23,6.3,305,0,103.6,2,44,0,0,93.0,76.5,93.5,43.5,99.5,104.0,79.0,79.0,40.5,54.0,76.25,2801249
Kenny Stills,105,58,6.6,847,1,213.5,6,61,4,2,24.0,23.0,33.0,37.5,43.0,28.0,23.0,30.0,135.5,133.5,51.05,8000000
Jordan Matthews,36,25,3.6,282,0,121.0,1,47,1,1,98.0,104.5,89.0,90.5,99.5,93.0,103.0,69.5,98.5,118.5,96.4,1237317
Brandon LaFell,89,52,5.6,548,0,174.3,3,45,1,0,60.0,40.0,46.5,56.0,99.5,48.0,57.0,76.0,98.5,54.0,63.55,4500000
Marvin Jones,107,61,6.7,1101,3,306.5,9,58,0,0,9.0,21.0,28.0,35.0,12.0,2.0,4.5,38.5,40.5,54.0,24.45,8000000
Cole Beasley,63,36,4.2,314,0,140.6,4,54,0,0,90.0,70.0,67.0,80.0,99.5,80.0,41.0,49.0,40.5,54.0,67.1,3401500
Sammy Watkins,70,39,4.7,593,1,243.0,8,67,0,0,51.0,59.5,63.5,71.5,43.0,9.0,10.0,19.0,40.5,54.0,42.1,4983901
Dontrelle Inman,44,25,3.7,343,0,97.8,1,26,0,0,84.0,91.5,89.0,89.0,99.5,108.0,103.0,122.5,40.5,54.0,88.1,2746000
Terrance Williams,77,53,4.8,568,1,150.1,0,56,0,0,53.0,54.0,43.5,69.0,43.0,69.0,127.5,43.5,40.5,54.0,59.7,4250000
Paul Richardson,80,44,5.0,703,1,253.6,6,61,0,0,38.5,50.0,55.0,64.5,43.0,6.0,23.0,30.0,40.5,54.0,40.45,1178209
Mike Williams,23,11,2.3,95,0,52.6,0,20,0,0,130.0,122.5,127.0,117.5,99.5,130.0,127.5,131.5,40.5,54.0,108.0,4937482
Danny Amendola,87,61,5.8,659,1,168.8,2,27,2,0,45.0,42.5,28.0,52.0,43.0,50.0,79.0,120.5,122.0,54.0,63.6,1700000
Jeremy Maclin,72,40,6.0,440,0,143.6,3,48,0,0,70.0,56.5,61.5,48.0,99.5,77.0,57.0,67.5,40.5,54.0,63.15,5500000
Marquise Goodwin,105,56,6.6,962,3,325.2,2,83,0,0,17.0,23.0,39.0,37.5,12.0,1.0,79.0,4.0,40.5,54.0,30.7,3000000
Tavon Austin,22,13,1.4,56,0,21.6,0,13,5,4,138.0,125.0,122.5,135.0,99.5,139.0,127.5,139.0,138.0,139.0,130.25,10500000
Breshad Perriman,35,10,3.2,77,0,43.8,0,14,0,0,136.0,106.5,130.0,99.0,99.5,135.0,127.5,137.5,40.5,54.0,106.55,2176329
Josh Gordon,43,18,8.6,335,1,91.9,1,54,0,0,86.0,93.5,110.5,13.0,43.0,111.0,103.0,49.0,40.5,54.0,70.35,1335412
Markus Wheaton,17,3,1.5,51,0,30.0,0,22,0,0,139.0,137.0,139.0,131.5,99.5,137.0,127.5,128.5,40.5,54.0,113.35,5500000
Torrey Smith,68,36,4.2,430,1,155.8,2,59,0,0,72.5,63.5,67.0,80.0,43.0,64.0,79.0,35.0,40.5,54.0,59.85,5000000
Kamar Aiken,44,15,2.9,133,0,70.3,0,21,0,0,123.0,91.5,119.0,107.0,99.5,121.0,127.5,130.0,40.5,54.0,101.3,2600000
Kendall Wright,91,59,5.7,614,1,151.6,1,22,0,0,49.0,38.0,30.5,53.0,43.0,68.0,103.0,128.5,40.5,54.0,60.75,2000000
Tyler Boyd,32,22,3.2,225,0,94.5,2,49,0,0,108.0,111.0,96.5,99.0,99.5,109.0,79.0,65.5,40.5,54.0,86.2,10762500
Albert Wilson,62,42,4.8,554,1,189.3,3,63,0,0,59.0,71.0,59.5,69.0,43.0,42.0,57.0,27.0,40.5,54.0,52.2,1797000
Jarius Wright,25,18,1.6,198,0,126.5,2,30,0,0,116.0,119.0,110.5,128.0,99.5,89.0,79.0,111.0,40.5,54.0,94.65,3700000
Kenny Britt,43,20,3.6,256,0,129.3,2,38,0,0,101.0,93.5,101.5,90.5,99.5,88.0,79.0,94.5,40.5,54.0,84.2,1200000
Brice Butler,24,15,1.8,317,0,203.0,3,53,0,0,88.0,120.5,119.0,125.0,99.5,36.0,57.0,54.5,40.5,54.0,79.4,1100000
Cooper Kupp,94,62,6.3,869,2,210.4,5,64,1,1,22.0,34.0,25.5,43.5,21.0,31.0,31.0,24.5,98.5,118.5,44.95,957940
Zay Jones,74,27,4.9,316,0,136.5,2,33,0,0,89.0,55.0,84.5,66.5,99.5,82.0,79.0,105.0,40.5,54.0,75.5,1694958
Seth Roberts,65,43,4.3,455,0,165.9,1,29,2,2,69.0,67.5,57.0,77.0,99.5,54.0,103.0,115.0,122.0,133.5,89.75,4000000
Jaron Brown,69,31,4.3,477,1,244.8,4,52,0,0,67.5,61.5,75.5,77.0,43.0,8.0,41.0,58.0,40.5,54.0,52.6,1910000
Phillip Dorsett,18,12,1.2,194,0,123.4,0,39,0,0,117.0,132.5,125.0,137.5,99.5,91.0,127.5,93.0,40.5,54.0,101.75,2033854
Mohamed Sanu,96,67,6.4,703,0,152.1,5,25,0,0,38.5,29.5,17.0,41.0,99.5,67.0,31.0,125.0,40.5,54.0,54.3,6500000
Nelson Agholor,95,62,5.9,768,1,185.2,8,72,0,0,33.0,32.5,25.5,50.0,43.0,45.0,10.0,14.0,40.5,54.0,34.75,2344344
Curtis Samuel,26,15,2.9,115,0,50.2,0,23,0,0,126.0,118.0,119.0,107.0,99.5,133.0,127.5,127.0,40.5,54.0,105.15,1613421
Josh Doctson,78,35,4.9,502,0,219.6,6,52,0,0,63.0,52.5,69.0,66.5,99.5,19.0,23.0,58.0,40.5,54.0,54.5,2512411
Robert Woods,85,56,7.1,781,2,158.7,5,94,1,1,32.0,44.0,39.0,26.0,21.0,59.0,31.0,2.0,98.5,118.5,47.1,6800000
Michael Floyd,17,10,1.5,78,0,60.0,0,19,0,0,135.0,137.0,130.0,131.5,99.5,126.0,127.5,133.0,40.5,54.0,111.4,1410000
Michael Campanaro,27,19,2.1,173,0,83.0,1,18,4,0,118.0,116.5,105.5,121.5,99.5,115.0,103.0,135.0,135.5,54.0,110.35,1200000
Laquon Treadwell,35,20,2.2,200,0,98.1,0,25,1,0,115.0,106.5,101.5,119.5,99.5,107.0,127.5,125.0,98.5,54.0,105.4,2483745
Cordarrelle Patterson,42,31,2.6,309,0,116.9,0,59,3,0,92.0,95.0,75.5,112.5,99.5,95.0,127.5,35.0,130.5,54.0,91.65,4250000
Aldrick Robinson,48,19,3.0,260,0,158.3,2,45,0,0,99.0,87.5,105.5,104.0,99.5,60.0,79.0,76.0,40.5,54.0,80.5,2000000
Cody Latimer,31,19,2.8,287,0,133.8,2,32,1,0,96.0,112.0,105.5,109.0,99.5,84.0,79.0,107.0,98.5,54.0,94.45,927163
Louis Murphy,17,8,2.4,121,0,90.0,1,40,0,0,124.0,137.0,134.5,115.5,99.5,112.0,103.0,90.0,40.5,54.0,101.0,900000
Russell Shepard,33,17,2.2,202,0,106.0,1,40,1,0,114.0,109.5,114.0,119.5,99.5,102.0,103.0,90.0,98.5,54.0,100.4,3333333
Andre Holmes,23,13,1.6,120,0,68.5,3,36,0,0,125.0,122.5,122.5,128.0,99.5,122.0,57.0,99.5,40.5,54.0,97.05,1716667
