NAME,TGT,REC,TGT/G,YDS,100+ YDS,YDS/REC,TD,LONG,FUM,FUML,YDS_rank,TGT_rank,REC_rank,TGT/G_rank,100+ YDS_rank,YDS/REC_rank,TD_rank,LONG_rank,FUM_rank,FUML_rank,overall
Vyncint Smith,31,17,2.4,225,0,13.2,0,37,1,1,108.0,112.0,114.0,115.0,102.5,65.5,128.0,92.0,102.0,116.5,105.55
Golden Tate,85,49,7.7,676,1,13.8,6,64,1,1,45.0,45.0,49.0,22.5,57.0,52.0,26.5,25.0,102.0,116.5,54.05
Malik Turner,22,15,1.6,245,0,16.3,1,33,0,0,102.5,127.5,119.5,128.0,102.5,20.5,106.5,104.0,44.0,51.0,90.6
Allen Lazard,52,35,4.3,477,1,13.6,3,43,0,0,68.0,79.5,71.0,77.5,57.0,60.0,65.0,79.5,44.0,51.0,65.25
Auden Tate,81,40,6.8,575,0,14.4,1,33,1,1,57.0,50.5,65.0,36.5,102.5,39.0,106.5,104.0,102.0,116.5,77.95
N'Keal Harry,24,12,3.4,105,0,8.8,2,18,0,0,133.0,122.5,125.5,94.5,102.5,127.0,84.0,132.5,44.0,51.0,101.65
Isaiah Ford,35,23,4.4,244,0,10.6,0,28,0,0,104.0,104.5,102.5,76.0,102.5,107.5,128.0,117.0,44.0,51.0,93.7
Isaiah McKenzie,39,27,2.8,254,0,9.4,1,46,0,0,100.0,100.5,92.0,106.0,102.5,119.0,106.5,66.0,44.0,51.0,88.75
Andre Patton,17,6,1.4,56,0,9.3,0,15,0,0,137.0,136.5,136.0,133.5,102.5,120.5,128.0,136.0,44.0,51.0,112.5
Christian Blake,24,11,2.7,91,0,8.3,0,13,0,0,134.0,122.5,130.5,109.5,102.5,132.0,128.0,137.0,44.0,51.0,109.1
Greg Ward,40,28,6.7,254,0,9.1,1,38,0,0,100.0,99.0,88.0,39.0,102.5,123.0,106.5,88.0,44.0,51.0,84.1
Duke Williams,19,12,4.8,166,1,13.8,1,41,0,0,125.0,134.0,125.5,68.0,57.0,52.0,106.5,83.5,44.0,51.0,84.65
Odell Beckham Jr,133,74,8.3,1035,2,14.0,4,89,1,1,23.0,10.0,18.0,15.5,36.5,45.0,51.5,3.0,102.0,116.5,42.1
DeAndre Hopkins,150,104,10.0,1165,5,11.2,7,43,0,0,10.0,5.0,2.5,4.0,6.5,99.0,15.5,79.5,44.0,51.0,31.7
Julio Jones,156,99,10.4,1394,6,14.1,6,54,1,0,2.0,2.0,5.0,3.0,2.5,41.0,26.5,40.5,102.0,51.0,27.55
Keenan Allen,149,104,9.3,1199,2,11.5,6,45,0,0,5.0,6.0,2.5,8.0,36.5,94.0,26.5,69.5,44.0,51.0,34.3
Davante Adams,127,83,10.6,997,5,12.0,5,58,2,1,26.0,13.0,12.5,2.0,6.5,85.5,40.5,31.5,123.5,116.5,45.75
Michael Thomas,185,149,11.6,1725,10,11.6,9,49,1,0,1.0,1.0,1.0,1.0,1.0,90.5,4.5,55.0,102.0,51.0,30.8
Tyreek Hill,89,58,7.4,860,2,14.8,7,57,0,0,31.0,42.5,37.0,26.5,36.5,36.5,15.5,34.5,44.0,51.0,35.5
Mike Evans,118,67,9.1,1157,3,17.3,8,67,0,0,11.0,19.5,24.5,10.0,21.0,12.0,9.5,18.0,44.0,51.0,22.05
Adam Thielen,48,30,4.8,418,1,13.9,6,44,0,0,76.0,82.0,80.5,68.0,57.0,48.0,26.5,74.5,44.0,51.0,60.75
Stefon Diggs,94,63,6.3,1130,5,17.9,6,66,4,3,13.0,34.0,30.5,45.5,6.5,8.5,26.5,20.0,135.5,136.5,45.65
T.Y. Hilton,69,45,6.9,501,0,11.1,5,35,0,0,66.0,61.0,54.0,34.0,102.5,102.0,40.5,98.5,44.0,51.0,65.35
Julian Edelman,154,100,9.6,1117,3,11.2,6,44,3,1,15.0,3.0,4.0,5.5,21.0,99.0,26.5,74.5,132.5,116.5,49.75
Emmanuel Sanders,97,66,5.7,869,3,13.2,5,75,0,0,29.0,31.0,27.0,54.0,21.0,65.5,40.5,9.0,44.0,51.0,37.2
JuJu Smith-Schuster,72,42,6.0,552,1,13.1,3,76,1,1,59.0,56.5,60.5,49.0,57.0,68.5,65.0,7.0,102.0,116.5,64.1
Brandin Cooks,68,40,5.2,551,1,13.8,2,57,0,0,60.0,63.0,65.0,63.5,57.0,52.0,84.0,34.5,44.0,51.0,57.4
Alshon Jeffery,73,43,7.3,490,1,11.4,4,38,0,0,67.0,55.0,57.5,28.0,57.0,96.0,51.5,88.0,44.0,51.0,59.5
Marvin Jones,92,62,7.1,779,2,12.6,9,47,0,0,36.0,37.5,32.5,31.0,36.5,76.5,4.5,62.0,44.0,51.0,41.15
Robert Woods,131,84,9.4,1037,3,12.3,2,48,0,0,22.0,11.0,11.0,7.0,21.0,81.0,84.0,58.0,44.0,51.0,39.0
Amari Cooper,119,79,7.4,1189,4,15.1,8,53,0,0,7.0,17.5,15.0,26.5,12.5,32.0,9.5,44.0,44.0,51.0,25.9
Cooper Kupp,124,88,8.3,1126,5,12.8,10,66,3,0,14.0,15.0,8.0,15.5,6.5,75.0,2.0,20.0,132.5,51.0,33.95
Tyler Lockett,110,82,6.9,1057,4,12.9,8,44,1,0,19.0,24.0,14.0,34.0,12.5,73.0,9.5,74.5,102.0,51.0,41.35
Josh Gordon,47,27,4.3,426,0,15.8,1,58,0,0,74.0,85.0,92.0,77.5,102.5,22.5,106.5,31.5,44.0,51.0,68.65
Marquise Goodwin,21,12,2.3,186,0,15.5,1,38,0,0,119.5,130.0,125.5,118.0,102.5,25.5,106.5,88.0,44.0,51.0,91.05
Larry Fitzgerald,109,75,6.8,804,2,10.7,4,54,1,1,34.0,25.0,17.0,36.5,36.5,104.5,51.5,40.5,102.0,116.5,56.4
Allen Robinson,153,98,9.6,1147,3,11.7,7,49,0,0,12.0,4.0,6.0,5.5,21.0,88.0,15.5,55.0,44.0,51.0,30.2
Tyler Boyd,147,90,9.2,1046,4,11.6,5,47,2,2,21.0,7.0,7.0,9.0,12.5,90.5,40.5,62.0,123.5,133.5,50.65
Cole Beasley,104,67,6.9,778,2,11.6,6,51,0,0,37.5,28.0,24.5,34.0,36.5,90.5,26.5,49.0,44.0,51.0,42.15
Kenny Golladay,116,65,7.2,1190,5,18.3,11,75,1,1,6.0,21.0,29.0,29.5,6.5,5.0,1.0,9.0,102.0,116.5,32.55
Sterling Shepard,85,57,8.5,576,2,10.1,3,36,0,0,56.0,45.0,39.5,13.5,36.5,113.5,65.0,94.5,44.0,51.0,55.85
Chris Godwin,119,86,8.5,1333,6,15.5,9,71,0,0,3.0,17.5,10.0,13.5,2.5,25.5,4.5,12.0,44.0,51.0,18.35
Mike Williams,90,49,6.0,1001,2,20.4,2,56,0,0,25.0,40.0,49.0,49.0,36.5,3.0,84.0,36.0,44.0,51.0,41.75
Taylor Gabriel,48,29,5.3,353,0,12.2,4,53,0,0,86.0,82.0,84.0,61.0,102.5,83.5,51.5,44.0,44.0,51.0,68.95
Randall Cobb,83,55,5.5,828,2,15.1,3,59,2,1,33.0,48.5,41.0,56.5,36.5,32.0,65.0,28.5,123.5,116.5,58.1
Jarvis Landry,138,83,8.6,1174,2,14.1,6,65,0,0,9.0,8.0,12.5,12.0,36.5,41.0,26.5,23.0,44.0,51.0,26.35
Kenny Stills,55,40,4.2,561,1,14.0,4,45,0,0,58.0,75.5,65.0,80.5,57.0,45.0,51.5,69.5,44.0,51.0,59.7
Ted Ginn,55,30,3.4,421,1,14.0,2,45,0,0,75.0,75.5,80.5,94.5,57.0,45.0,84.0,69.5,44.0,51.0,67.6
Sammy Watkins,90,52,6.4,673,1,12.9,3,68,2,1,46.0,40.0,44.5,43.5,57.0,73.0,65.0,17.0,123.5,116.5,62.6
Nelson Agholor,69,39,6.3,363,1,9.3,3,43,2,1,81.0,61.0,67.0,45.5,57.0,120.5,65.0,79.5,123.5,116.5,81.65
Corey Davis,69,43,4.6,601,0,14.0,2,38,1,0,55.0,61.0,57.5,71.5,102.5,45.0,84.0,88.0,102.0,51.0,71.75
Robby Anderson,96,52,6.0,778,3,15.0,5,92,1,0,37.5,32.5,44.5,49.0,21.0,34.5,40.5,1.0,102.0,51.0,41.35
Dante Pettis,24,11,2.2,109,0,9.9,2,21,0,0,132.0,122.5,130.5,121.0,102.5,116.0,84.0,128.0,44.0,51.0,103.15
Tyrell Williams,64,42,4.6,651,1,15.5,6,46,0,0,50.0,65.5,60.5,71.5,57.0,25.5,26.5,66.0,44.0,51.0,51.75
Demaryius Thomas,59,36,5.4,433,0,12.0,1,47,0,0,72.0,69.0,69.5,58.5,102.5,85.5,106.5,62.0,44.0,51.0,72.05
Will Fuller,71,49,6.5,670,2,13.7,3,54,1,0,47.0,58.5,49.0,42.0,36.5,57.0,65.0,40.5,102.0,51.0,54.85
Mohamed Sanu,89,59,5.9,520,0,8.8,2,28,0,0,64.0,42.5,34.5,51.5,102.5,127.0,84.0,117.0,44.0,51.0,71.8
Devante Parker,128,72,8.0,1202,4,16.7,9,51,0,0,4.0,12.0,21.0,18.5,12.5,16.5,4.5,49.0,44.0,51.0,23.3
Danny Amendola,96,62,6.4,678,3,10.9,1,47,0,0,44.0,32.5,32.5,43.5,21.0,103.0,106.5,62.0,44.0,51.0,54.0
Paul Richardson,42,28,4.2,245,0,8.8,2,22,0,0,102.5,95.0,88.0,80.5,102.5,127.0,84.0,127.0,44.0,51.0,90.15
Willie Snead,43,29,2.9,325,0,11.2,3,50,0,0,89.0,92.5,84.0,102.5,102.5,99.0,65.0,52.0,44.0,51.0,78.15
Phillip Dorsett,54,29,3.9,397,0,13.7,5,58,0,0,78.0,78.0,84.0,86.5,102.5,57.0,40.5,31.5,44.0,51.0,65.3
David Moore,34,17,2.4,301,0,17.7,2,60,2,1,92.0,106.5,114.0,115.0,102.5,10.0,84.0,27.0,123.5,116.5,89.1
Dede Westbrook,101,66,6.7,660,1,10.0,3,39,1,0,48.0,29.0,27.0,39.0,57.0,115.0,65.0,85.0,102.0,51.0,61.8
John Brown,115,72,7.7,1060,2,14.7,6,53,0,0,18.0,22.0,21.0,22.5,36.5,38.0,26.5,44.0,44.0,51.0,32.35
Anthony Miller,85,52,5.3,656,2,12.6,2,35,1,1,49.0,45.0,44.5,61.0,36.5,76.5,84.0,98.5,102.0,116.5,71.35
Albert Wilson,62,43,4.8,351,0,8.2,1,35,0,0,87.0,67.0,57.5,68.0,102.5,133.0,106.5,98.5,44.0,51.0,81.5
Calvin Ridley,93,63,7.2,866,2,13.7,7,36,0,0,30.0,35.5,30.5,29.5,36.5,57.0,15.5,94.5,44.0,51.0,42.4
Kendrick Bourne,44,30,2.8,358,0,11.9,5,30,0,0,85.0,90.5,80.5,106.0,102.5,87.0,40.5,112.5,44.0,51.0,79.95
Curtis Samuel,107,54,6.7,627,0,11.6,6,44,0,0,52.0,26.5,42.0,39.0,102.5,90.5,26.5,74.5,44.0,51.0,54.85
Tajae Sharpe,34,25,2.3,329,0,13.2,4,47,0,0,88.0,106.5,98.5,118.0,102.5,65.5,51.5,62.0,44.0,51.0,78.75
Jamison Crowder,122,78,7.6,834,0,10.7,6,41,0,0,32.0,16.0,16.0,24.0,102.5,104.5,26.5,83.5,44.0,51.0,50.0
Adam Humphries,47,37,3.9,374,0,10.1,2,30,1,0,79.0,85.0,68.0,86.5,102.5,113.5,84.0,112.5,102.0,51.0,88.4
Keelan Cole,35,24,2.2,361,0,15.0,3,55,0,0,82.0,104.5,100.5,121.0,102.5,34.5,65.0,37.5,44.0,51.0,74.25
Olabisi Johnson,45,31,2.8,294,0,9.5,3,23,0,0,96.0,88.5,78.0,106.0,102.5,118.0,65.0,125.0,44.0,51.0,87.4
Steven Sims Jr.,56,34,3.5,310,0,9.1,4,65,1,0,91.0,72.0,72.5,90.5,102.5,123.0,51.5,23.0,102.0,51.0,77.9
Zay Jones,45,27,3.0,216,0,8.0,0,23,0,0,112.0,88.5,92.0,100.5,102.5,134.0,128.0,125.0,44.0,51.0,97.75
Marquise Brown,64,41,4.9,542,1,13.2,5,83,0,0,61.0,65.5,62.5,65.5,57.0,65.5,40.5,4.5,44.0,51.0,51.7
Marquez Valdes-Scantling,56,26,3.5,452,1,17.4,2,74,0,0,69.0,72.0,95.5,90.5,57.0,11.0,84.0,11.0,44.0,51.0,58.5
Michael Gallup,112,66,8.0,1107,4,16.8,6,62,0,0,17.0,23.0,27.0,18.5,12.5,14.0,26.5,26.0,44.0,51.0,25.95
Christian Kirk,107,68,8.2,709,2,10.4,3,69,0,0,42.0,26.5,23.0,17.0,36.5,110.0,65.0,15.5,44.0,51.0,43.05
Demarcus Robinson,55,32,3.4,449,1,14.0,4,44,0,0,70.0,75.5,75.5,94.5,57.0,45.0,51.5,74.5,44.0,51.0,63.85
John Ross,56,28,7.0,506,2,18.1,3,66,1,1,65.0,72.0,88.0,32.0,36.5,7.0,65.0,20.0,102.0,116.5,60.4
Seth Roberts,31,18,2.1,232,0,12.9,2,33,0,0,107.0,112.0,110.5,123.0,102.5,73.0,84.0,104.0,44.0,51.0,91.1
Geronimo Allison,55,34,3.4,287,0,8.4,2,31,2,1,97.0,75.5,72.5,94.5,102.5,130.5,84.0,109.0,123.5,116.5,100.55
Chester Rogers,27,16,2.2,179,0,11.2,2,27,2,1,122.0,115.0,117.0,121.0,102.5,99.0,84.0,121.0,123.5,116.5,112.15
Tre'Quan Smith,25,18,2.3,234,0,13.0,5,32,0,0,106.0,119.0,110.5,118.0,102.5,70.5,40.5,107.0,44.0,51.0,86.9
Robert Foster,18,3,1.4,64,0,21.3,0,24,0,0,136.0,135.0,137.0,133.5,102.5,1.0,128.0,123.0,44.0,51.0,99.1
Allen Hurns,48,32,3.4,416,0,13.0,2,27,1,1,77.0,82.0,75.5,94.5,102.5,70.5,84.0,121.0,102.0,116.5,92.55
James Washington,80,44,5.3,735,1,16.7,3,79,1,1,41.0,52.0,55.0,61.0,57.0,16.5,65.0,6.0,102.0,116.5,57.2
Courtland Sutton,125,72,7.8,1112,2,15.4,6,70,2,0,16.0,14.0,21.0,21.0,36.5,29.0,26.5,13.5,123.5,51.0,35.2
Josh Reynolds,42,19,2.8,318,0,16.7,1,31,0,0,90.0,95.0,107.0,106.0,102.5,16.5,106.5,109.0,44.0,51.0,82.75
A.J. Brown,84,52,5.2,1051,5,20.2,8,91,1,0,20.0,47.0,44.5,63.5,6.5,4.0,9.5,2.0,102.0,51.0,35.0
Jakeem Grant,32,19,3.2,164,0,8.6,0,18,2,1,126.0,110.0,107.0,98.5,102.5,129.0,128.0,132.5,123.5,116.5,117.35
D.K. Metcalf,100,58,6.2,900,1,15.5,7,54,3,3,28.0,30.0,37.0,47.0,57.0,25.5,15.5,40.5,132.5,136.5,54.95
Jakobi Meyers,41,26,2.7,359,0,13.8,0,35,0,0,83.5,97.5,95.5,109.5,102.5,52.0,128.0,98.5,44.0,51.0,86.2
Jarius Wright,58,28,3.6,296,0,10.6,0,33,0,0,95.0,70.0,88.0,89.0,102.5,107.5,128.0,104.0,44.0,51.0,87.9
Darius Slayton,83,48,5.9,740,2,15.4,8,55,0,0,40.0,48.5,52.0,51.5,36.5,29.0,9.5,37.5,44.0,51.0,39.95
Chris Conley,90,47,5.6,775,1,16.5,5,70,0,0,39.0,40.0,53.0,55.0,57.0,19.0,40.5,13.5,44.0,51.0,41.2
Cordarrelle Patterson,17,11,1.1,83,0,7.5,0,33,0,0,135.0,136.5,130.5,137.0,102.5,135.5,128.0,104.0,44.0,51.0,110.4
Kelvin Harmon,44,30,2.8,365,0,12.2,0,30,0,0,80.0,90.5,80.5,106.0,102.5,83.5,128.0,112.5,44.0,51.0,87.85
Hunter Renfrow,71,49,5.5,605,2,12.3,4,65,1,0,54.0,58.5,49.0,56.5,36.5,81.0,51.5,23.0,102.0,51.0,56.3
Dontrelle Inman,21,12,3.0,181,0,15.1,0,28,0,0,121.0,130.0,125.5,100.5,102.5,32.0,128.0,117.0,44.0,51.0,95.15
Deebo Samuel,81,57,5.4,802,3,14.1,3,42,2,1,35.0,50.5,39.5,58.5,21.0,41.0,65.0,82.0,123.5,116.5,63.25
Terry McLaurin,93,58,6.6,919,3,15.8,7,75,0,0,27.0,35.5,37.0,41.0,21.0,22.5,15.5,9.0,44.0,51.0,30.35
Miles Boykin,20,11,1.3,144,0,13.1,3,50,0,0,128.0,132.5,130.5,136.0,102.5,68.5,65.0,52.0,44.0,51.0,91.0
JJ Arcega-Whiteside,22,10,1.4,169,0,16.9,1,30,0,0,124.0,127.5,133.5,133.5,102.5,13.0,106.5,112.5,44.0,51.0,94.8
Preston Williams,60,32,7.5,428,0,13.4,3,35,2,1,73.0,68.0,75.5,25.0,102.5,63.0,65.0,98.5,123.5,116.5,81.05
Damiere Byrd,46,32,4.2,359,0,11.2,1,58,1,1,83.5,87.0,75.5,80.5,102.5,99.0,106.5,31.5,102.0,116.5,88.45
Tavon Austin,24,13,1.7,177,0,13.6,1,59,1,0,123.0,122.5,121.5,126.0,102.5,60.0,106.5,28.5,102.0,51.0,94.35
Jaron Brown,28,16,2.0,220,0,13.8,2,48,1,1,109.0,114.0,117.0,124.0,102.5,52.0,84.0,58.0,102.0,116.5,97.9
Justin Hardy,26,19,1.6,195,0,10.3,0,23,0,0,115.5,117.0,107.0,128.0,102.5,111.5,128.0,125.0,44.0,51.0,102.95
Keke Coutee,36,22,4.0,254,0,11.5,0,51,1,1,100.0,102.5,104.0,84.0,102.5,94.0,128.0,49.0,102.0,116.5,98.25
Cody Latimer,43,24,2.9,300,0,12.5,2,43,0,0,93.0,92.5,100.5,102.5,102.5,78.5,84.0,79.5,44.0,51.0,82.8
Mecole Hardman,41,26,2.6,538,0,20.7,6,83,2,2,62.0,97.5,95.5,111.5,102.5,2.0,26.5,4.5,123.5,133.5,75.9
Diontae Johnson,92,59,5.8,680,0,11.5,5,45,5,2,43.0,37.5,34.5,53.0,102.5,94.0,40.5,69.5,137.0,133.5,74.5
Daesean Hamilton,52,28,3.2,297,0,10.6,1,28,0,0,94.0,79.5,88.0,98.5,102.5,107.5,106.5,117.0,44.0,51.0,88.85
Parris Campbell,24,18,3.4,127,0,7.1,1,27,3,1,129.0,122.5,110.5,94.5,102.5,137.0,106.5,121.0,132.5,116.5,117.25
Keesean Johnson,42,21,4.2,187,0,8.9,1,31,1,1,118.0,95.0,105.0,80.5,102.5,125.0,106.5,109.0,102.0,116.5,106.0
D.J. Chark,118,73,7.9,1008,3,13.8,8,69,0,0,24.0,19.5,19.0,20.0,21.0,52.0,9.5,15.5,44.0,51.0,27.55
Breshad Perriman,65,36,4.6,645,3,17.9,6,44,0,0,51.0,64.0,69.5,71.5,21.0,8.5,26.5,74.5,44.0,51.0,48.15
Scott Miller,26,13,2.6,200,0,15.4,1,48,0,0,113.5,117.0,121.5,111.5,102.5,29.0,106.5,58.0,44.0,51.0,85.45
Mack Hollins,23,10,1.4,125,0,12.5,0,20,0,0,130.0,126.0,133.5,133.5,102.5,78.5,128.0,129.0,44.0,51.0,105.6
Bennie Fowler,36,23,4.5,193,0,8.4,0,17,0,0,117.0,102.5,102.5,74.5,102.5,130.5,128.0,134.5,44.0,51.0,98.7
Russell Gage,74,49,4.6,446,0,9.1,1,19,1,1,71.0,54.0,49.0,71.5,102.5,123.0,106.5,130.5,102.0,116.5,92.65
Tim Patrick,31,16,3.9,218,0,13.6,0,38,0,0,111.0,112.0,117.0,86.5,102.5,60.0,128.0,88.0,44.0,51.0,90.0
Justin Watson,26,15,1.6,159,0,10.6,2,17,0,0,127.0,117.0,119.5,128.0,102.5,107.5,84.0,134.5,44.0,51.0,101.5
Javon Wims,39,18,2.4,186,0,10.3,1,37,0,0,119.5,100.5,110.5,115.0,102.5,111.5,106.5,92.0,44.0,51.0,95.3
Zach Pascal,72,41,4.5,607,2,14.8,5,37,0,0,53.0,56.5,62.5,74.5,36.5,36.5,40.5,92.0,44.0,51.0,54.7
Trey Quinn,47,26,3.9,195,0,7.5,1,19,1,1,115.5,85.0,95.5,86.5,102.5,135.5,106.5,130.5,102.0,116.5,107.6
Jake Kumerow,21,12,1.5,219,0,18.2,1,49,0,0,110.0,130.0,125.5,130.5,102.5,6.0,106.5,55.0,44.0,51.0,86.1
D.J. Moore,135,87,9.0,1175,4,13.5,4,52,2,1,8.0,9.0,9.0,11.0,12.5,62.0,51.5,46.5,123.5,116.5,44.95
Pharoh Cooper,33,25,2.5,243,0,9.7,1,28,0,0,105.0,108.5,98.5,113.0,102.5,117.0,106.5,117.0,44.0,51.0,96.3
Deon Cain,20,9,1.5,124,0,13.8,0,35,0,0,131.0,132.5,135.0,130.5,102.5,52.0,128.0,98.5,44.0,51.0,100.5
Damion Ratley,24,12,1.8,200,0,16.7,1,46,0,0,113.5,122.5,125.5,125.0,102.5,16.5,106.5,66.0,44.0,51.0,87.3
Alex Erickson,78,43,4.9,529,1,12.3,0,52,4,2,63.0,53.0,57.5,65.5,57.0,81.0,128.0,46.5,135.5,133.5,82.05
Marcus Johnson,33,17,4.1,277,1,16.3,2,50,0,0,98.0,108.5,114.0,83.0,57.0,20.5,84.0,52.0,44.0,51.0,71.2
